     1   146       -3.591569  0.997
     2   150       -3.455809  0.999
     3   150       -3.466229  1.005
     4   150       -3.476995  1.005
     5   150       -3.487345  1.001
     6   155       -3.330554  1.000
     7   150       -3.504385  1.000
     8   158       -3.248199  0.999
     9   152       -3.445529  0.999
    10   158       -3.250967  0.999
    11   150       -3.520599  1.003
    12   162       -3.127951  1.000
    13   148       -3.563804  0.999
    14   148       -3.557356  0.997
    15   143       -3.829505  0.998
    16   143       -3.826091  1.001
    17   158       -3.228219  1.005
    18   143       -3.810532  1.002
    19   147       -3.609885  1.001
    20   143       -3.787514  1.000
    21   143       -3.775715  0.999
    22   153       -3.408627  1.002
    23   147       -3.595510  1.000
    24   146       -3.686227  1.000
    25   164       -2.982964  1.003
    26   169       -2.699828  1.002
    27   146       -3.666536  1.000
    28   169       -2.687656  1.000
    29   145       -3.704361  1.002
    30   169       -2.686397  1.000
    31   176       -2.108226  1.000
    32   155       -3.329590  1.000
    33   145       -3.694025  1.001
    34   176       -2.130831  1.000
    35   176       -2.143288  1.000
    36   156       -3.306883  1.000
    37   159       -3.163569  1.000
    38   163       -3.041413  0.998
    39   154       -3.362075  1.001
    40   159       -3.195352  0.999
    41   148       -3.516549  1.000
    42   148       -3.534587  1.005
    43   159       -3.208456  1.000
    44   149       -3.522790  0.999
    45   159       -3.214320  1.004
    46   147       -3.584298  1.004
    47   163       -3.013394  0.999
    48   148       -3.567519  1.001
    49   160       -3.190226  0.999
    50   163       -3.012881  1.000
    51   147       -3.577556  1.001
    52   160       -3.177965  1.004
    53   147       -3.559792  1.001
    54   148       -3.524202  1.000
    55   145       -3.631346  0.997
    56   159       -3.176380  0.995
    57   149       -3.480619  1.002
    58   149       -3.470241  1.000
    59   168       -2.845947  1.002
    60   158       -3.213284  0.999
    61   147       -3.499167  1.003
    62   168       -2.833757  1.001
    63   168       -2.831190  1.002
    64   159       -3.151495  1.005
    65   168       -2.831488  1.002
    66   168       -2.834019  1.003
    67   168       -2.838107  1.003
    68   168       -2.843813  1.003
    69   168       -2.850533  1.001
    70   150       -3.466940  1.002
    71   168       -2.865114  1.000
    72   150       -3.489817  1.001
    73   168       -2.878719  0.999
    74   151       -3.471715  0.999
    75   148       -3.550059  1.001
    76   158       -3.275334  0.997
    77   152       -3.455598  0.998
    78   148       -3.577395  1.000
    79   148       -3.586468  1.000
    80   152       -3.457162  0.998
    81   150       -3.542562  0.999
    82   150       -3.537260  1.003
    83   150       -3.530177  1.000
    84   148       -3.590388  1.000
    85   150       -3.508964  1.001
    86   155       -3.376046  1.001
    87   143       -3.790253  1.007
    88   155       -3.351237  1.000
    89   163       -3.036784  1.000
    90   143       -3.750224  0.999
    91   158       -3.225394  1.001
    92   158       -3.222629  1.000
    93   141       -3.842851  1.003
    94   168       -2.735203  1.004
    95   168       -2.725232  1.002
    96   145       -3.674493  1.006
    97   153       -3.365555  1.000
    98   145       -3.669526  1.002
    99   152       -3.374436  1.000
   100   164       -2.969366  1.000
   101   149       -3.527216  1.001
   102   176       -2.115802  1.000
   103   176       -2.123395  1.002
   104   176       -2.132860  1.000
   105   140       -3.857750  1.000
   106   158       -3.222117  1.001
   107   149       -3.533077  1.000
   108   158       -3.224653  1.000
   109   167       -2.823716  1.000
   110   165       -2.954270  1.001
   111   167       -2.844330  1.000
   112   153       -3.410282  0.999
   113   159       -3.221111  1.001
   114   159       -3.220475  1.001
   115   153       -3.433397  0.999
   116   145       -3.637693  1.000
   117   153       -3.433775  0.999
   118   151       -3.467241  1.001
   119   148       -3.558601  0.999
   120   148       -3.552331  1.000
   121   150       -3.462646  1.000
   122   150       -3.455054  1.002
   123   152       -3.419862  0.997
   124   152       -3.411528  1.001
   125   158       -3.168598  0.999
   126   154       -3.345885  1.001
   127   159       -3.149317  0.997
   128   159       -3.140396  0.997
   129   159       -3.132612  0.997
   130   159       -3.127028  1.000
   131   173       -2.400332  1.001
   132   154       -3.306668  1.000
   133   176       -2.107855  1.000
   134   159       -3.133824  0.997
   135   151       -3.376740  1.004
   136   176       -2.118951  1.002
   137   149       -3.459062  0.999
   138   149       -3.471264  1.000
   139   149       -3.484711  1.000
   140   149       -3.499142  1.000
   141   164       -2.984721  1.001
   142   150       -3.477861  0.998
   143   150       -3.497809  0.999
   144   149       -3.517794  1.005
   145   149       -3.537675  1.000
   146   149       -3.556559  0.998
   147   149       -3.573720  1.002
   148   162       -3.098618  1.001
   149   148       -3.602654  1.002
   150   144       -3.724887  1.005
   151   158       -3.308556  0.999
   152   158       -3.311966  1.000
   153   144       -3.767887  1.000
   154   159       -3.307979  1.001
   155   147       -3.650462  0.999
   156   159       -3.292399  1.001
   157   159       -3.281198  0.997
   158   151       -3.569655  1.001
   159   143       -3.843360  1.000
   160   143       -3.848637  0.999
   161   148       -3.655676  1.003
   162   162       -3.164624  1.000
   163   149       -3.624483  1.001
   164   156       -3.399980  1.001
   165   144       -3.795707  1.000
   166   153       -3.446931  1.003
   167   141       -3.897494  1.000
   168   166       -2.928825  0.999
   169   147       -3.674890  1.006
   170   176       -2.154557  1.001
   171   148       -3.627075  1.002
   172   147       -3.626131  0.999
   173   147       -3.614315  1.000
   174   176       -2.088167  1.001
   175   175       -2.252893  0.999
   176   176       -2.072531  1.000
   177   176       -2.069239  1.001
   178   167       -2.774765  1.001
   179   146       -3.603381  1.000
   180   158       -3.211725  1.000
   181   147       -3.577306  1.001
   182   167       -2.788834  1.001
   183   162       -3.063273  0.999
   184   156       -3.281294  1.000
   185   174       -2.337270  1.004
   186   151       -3.420130  1.002
   187   146       -3.605820  0.999
   188   175       -2.198023  1.000
   189   146       -3.608588  0.998
   190   161       -3.125735  1.000
   191   150       -3.511177  1.001
   192   146       -3.628176  0.999
   193   146       -3.644073  1.003
   194   146       -3.659396  1.001
   195   150       -3.577334  1.000
   196   163       -3.079008  1.000
   197   159       -3.271783  0.999
   198   145       -3.715960  1.000
   199   149       -3.598794  1.002
   200   149       -3.595783  1.001
   201   149       -3.591232  1.001
   202   163       -3.060060  1.002
   203   150       -3.567773  1.000
   204   157       -3.326108  0.999
   205   146       -3.659937  0.999
   206   149       -3.567021  0.998
   207   159       -3.239670  1.003
   208   157       -3.268457  0.997
   209   159       -3.214786  1.000
   210   159       -3.202225  1.003
   211   167       -2.843876  1.001
   212   175       -2.168380  1.001
   213   167       -2.828649  1.002
   214   152       -3.417505  1.002
   215   167       -2.822890  0.999
   216   149       -3.485487  1.001
   217   145       -3.634212  1.000
   218   145       -3.633564  1.001
   219   160       -3.138923  1.001
   220   160       -3.138801  0.998
   221   167       -2.850040  0.999
   222   164       -2.986440  1.004
   223   164       -2.995510  1.002
   224   153       -3.377788  1.001
   225   163       -3.013959  1.001
   226   156       -3.290470  0.997
   227   163       -3.027597  1.001
   228   149       -3.523952  1.002
   229   147       -3.584848  1.004
   230   151       -3.453999  1.002
   231   158       -3.226547  1.001
   232   158       -3.223366  1.001
   233   147       -3.573326  0.997
   234   151       -3.454235  1.000
   235   147       -3.554504  1.000
   236   148       -3.534752  0.999
   237   152       -3.421985  1.000
   238   153       -3.402039  0.999
   239   148       -3.484669  0.999
   240   149       -3.464432  1.003
   241   142       -3.742771  0.999
   242   151       -3.400187  0.996
   243   151       -3.391535  0.999
   244   176       -2.124229  1.004
   245   156       -3.243793  1.001
   246   143       -3.660353  1.001
   247   176       -2.080313  0.999
   248   141       -3.761627  1.000
   249   145       -3.622096  0.999
   250   175       -2.241572  1.001
   251   147       -3.573695  0.999
   252   176       -2.048773  1.001
   253   147       -3.577106  0.998
   254   148       -3.557098  1.001
   255   148       -3.562880  1.000
   256   148       -3.569540  1.001
   257   148       -3.576704  0.999
   258   147       -3.616107  1.000
   259   153       -3.362997  1.004
   260   147       -3.632025  1.000
   261   154       -3.378283  1.001
   262   144       -3.680585  1.000
   263   161       -3.106700  1.000
   264   144       -3.690345  1.001
   265   157       -3.256404  1.000
   266   163       -3.024996  1.001
   267   162       -3.046170  1.000
   268   161       -3.111880  1.004
   269   144       -3.699656  0.998
   270   162       -3.070785  0.999
   271   150       -3.471977  1.003
   272   161       -3.074522  0.996
   273   161       -3.072450  1.001
   274   160       -3.138125  1.002
   275   171       -2.511587  0.999
   276   159       -3.145485  0.999
   277   147       -3.505977  1.003
   278   145       -3.552229  1.001
   279   147       -3.503690  1.003
   280   145       -3.546984  1.000
   281   145       -3.544385  1.004
   282   146       -3.534599  0.999
   283   152       -3.348268  0.999
   284   152       -3.344756  1.001
   285   149       -3.447067  0.999
   286   155       -3.228825  0.999
   287   159       -3.120369  1.001
   288   150       -3.423219  0.999
   289   157       -3.198265  0.999
   290   158       -3.160468  0.999
   291   152       -3.340777  1.001
   292   166       -2.864256  0.998
   293   176       -2.098267  1.001
   294   144       -3.646838  1.000
   295   176       -2.102997  0.999
   296   176       -2.104573  1.004
   297   144       -3.655219  0.998
   298   176       -2.106568  1.001
   299   152       -3.374071  1.003
   300   160       -3.124434  1.003
   301   162       -3.071196  0.999
   302   176       -2.120857  1.000
   303   160       -3.141413  1.000
   304   160       -3.146589  1.003
   305   176       -2.142055  1.001
   306   176       -2.149723  1.002
   307   147       -3.565136  1.004
   308   164       -2.981326  0.999
   309   164       -2.987338  1.002
   310   168       -2.754231  1.001
   311   148       -3.551817  1.001
   312   168       -2.767919  1.000
   313   148       -3.553651  1.002
   314   147       -3.569139  1.000
   315   151       -3.448085  1.001
   316   168       -2.784661  1.000
   317   168       -2.784851  1.000
   318   168       -2.783664  1.004
   319   149       -3.486806  1.004
   320   149       -3.480954  1.001
   321   168       -2.775686  1.001
   322   163       -3.040291  1.001
   323   150       -3.443786  1.003
   324   175       -2.196246  0.996
   325   146       -3.597465  1.000
   326   156       -3.304810  1.001
   327   149       -3.458074  1.001
   328   156       -3.289726  1.002
   329   176       -2.159445  1.001
   330   147       -3.581773  1.001
   331   156       -3.264750  1.000
   332   156       -3.256421  1.002
   333   147       -3.579864  1.000
   334   156       -3.242846  1.002
   335   167       -2.803915  1.000
   336   154       -3.334550  1.004
   337   166       -2.872134  0.999
   338   145       -3.639992  1.002
   339   176       -2.106387  1.003
   340   147       -3.595489  0.999
   341   156       -3.235354  1.000
   342   154       -3.324082  1.000
   343   141       -3.808643  1.000
   344   154       -3.331179  1.003
   345   176       -2.136029  1.003
   346   148       -3.518368  1.004
   347   176       -2.157983  1.000
   348   149       -3.497217  1.000
   349   155       -3.309430  1.000
   350   153       -3.396078  0.999
   351   148       -3.544427  1.000
   352   147       -3.556599  0.999
   353   161       -3.093345  0.999
   354   147       -3.569888  0.999
   355   168       -2.816010  1.000
   356   159       -3.159148  0.999
   357   157       -3.239748  0.999
   358   149       -3.492557  0.999
   359   147       -3.570413  0.998
   360   148       -3.510370  0.999
   361   147       -3.570676  0.999
   362   144       -3.633274  0.999
   363   148       -3.528027  0.998
   364   148       -3.533319  0.996
   365   148       -3.537693  0.998
   366   145       -3.612804  0.996
   367   148       -3.542480  1.000
   368   150       -3.458562  1.000
   369   162       -3.021378  1.000
   370   151       -3.456373  1.006
   371   148       -3.526785  1.002
   372   147       -3.579923  1.000
   373   147       -3.573392  1.000
   374   160       -3.172373  1.001
   375   162       -3.079582  1.000
   376   159       -3.181758  1.003
   377   141       -3.823795  0.999
   378   149       -3.514465  1.005
   379   155       -3.359364  1.001
   380   163       -3.035916  0.999
   381   149       -3.565062  1.000
   382   149       -3.580761  1.000
   383   141       -3.827906  1.001
   384   141       -3.811070  1.004
   385   154       -3.340846  1.000
   386   142       -3.787022  1.000
   387   146       -3.634580  1.001
   388   154       -3.315215  1.001
   389   148       -3.573564  1.001
   390   169       -2.626886  1.001
   391   174       -2.229418  1.000
   392   174       -2.225066  1.001
   393   174       -2.224417  1.000
   394   174       -2.227968  1.003
   395   176       -2.043403  1.000
   396   176       -2.051157  1.002
   397   164       -2.884941  1.000
   398   176       -2.070787  0.998
   399   176       -2.080518  0.999
   400   161       -3.032818  0.999
   401   176       -2.097191  1.001
   402   163       -2.973855  1.000
   403   163       -2.989389  1.000
   404   160       -3.102120  1.000
   405   159       -3.122924  0.997
   406   159       -3.137081  0.997
   407   146       -3.558318  1.000
   408   158       -3.157724  0.999
   409   146       -3.574928  0.999
   410   146       -3.584013  1.000
   411   146       -3.592373  0.996
   412   146       -3.600326  0.998
   413   153       -3.363912  1.000
   414   153       -3.357934  0.996
   415   160       -3.125563  1.000
   416   151       -3.402626  1.001
   417   161       -3.099100  0.999
   418   161       -3.085751  0.999
   419   155       -3.283005  1.001
   420   140       -3.824786  1.000
   421   173       -2.337823  1.000
   422   153       -3.341701  1.001
   423   159       -3.161237  1.003
   424   159       -3.162680  1.003
   425   176       -2.103094  1.001
   426   176       -2.105685  0.998
   427   176       -2.111656  1.001
   428   176       -2.121023  1.004
   429   176       -2.133393  1.003
   430   147       -3.609291  1.001
   431   169       -2.743903  1.001
   432   169       -2.762452  1.000
   433   168       -2.797352  0.999
   434   168       -2.825512  1.000
   435   168       -2.853573  0.998
   436   162       -3.100530  0.997
   437   146       -3.622428  1.001
   438   159       -3.231856  0.998
   439   147       -3.600752  1.004
   440   165       -2.968551  0.999
   441   144       -3.693541  0.998
   442   147       -3.628360  0.998
   443   150       -3.522309  1.001
   444   146       -3.652150  1.001
   445   155       -3.357290  1.000
   446   146       -3.654364  1.000
   447   150       -3.520877  1.000
   448   145       -3.685008  1.004
   449   151       -3.491503  1.000
   450   159       -3.237586  0.997
   451   151       -3.482154  0.999
   452   149       -3.538458  1.002
   453   147       -3.583441  1.001
   454   149       -3.517488  1.002
   455   168       -2.841461  0.998
   456   160       -3.178118  0.997
   457   147       -3.611195  1.004
   458   161       -3.102015  0.997
   459   147       -3.624182  1.000
   460   146       -3.639843  1.001
   461   146       -3.617927  1.000
   462   175       -2.238637  1.002
   463   157       -3.262406  1.003
   464   160       -3.133898  0.999
   465   176       -2.040431  1.003
   466   176       -2.037254  1.003
   467   176       -2.037945  1.001
   468   176       -2.042002  1.001
   469   176       -2.050050  1.003
   470   167       -2.797610  1.006
   471   153       -3.456805  1.000
   472   144       -3.778316  1.000
   473   176       -2.121939  1.000
   474   167       -2.865453  1.000
   475   162       -3.097639  0.999
   476   176       -2.197536  1.002
   477   144       -3.768664  1.000
   478   140       -3.925277  1.000
   479   145       -3.760756  1.000
   480   149       -3.555787  1.004
   481   141       -3.851144  1.000
   482   153       -3.420398  1.004
   483   153       -3.426611  1.005
   484   153       -3.431921  1.000
   485   160       -3.199587  1.002
   486   147       -3.605655  1.003
   487   163       -3.058632  1.004
   488   159       -3.223449  1.002
   489   150       -3.508168  1.006
   490   147       -3.588713  1.007
   491   159       -3.211158  1.003
   492   148       -3.571898  0.998
   493   163       -3.000854  1.001
   494   161       -3.133892  0.999
   495   161       -3.126238  1.000
   496   149       -3.521592  0.998
   497   149       -3.516450  1.001
   498   169       -2.788881  1.001
   499   168       -2.810289  1.001
   500   165       -2.953264  1.001
   501   151       -3.440217  0.999
   502   169       -2.778674  1.000
   503   165       -2.946223  1.005
   504   165       -2.946422  1.002
   505   169       -2.776613  1.002
   506   169       -2.777202  1.004
   507   149       -3.507113  1.001
   508   168       -2.830338  1.001
   509   169       -2.780214  1.001
   510   152       -3.422404  1.002
   511   159       -3.237077  1.003
   512   160       -3.167461  0.999
   513   151       -3.443212  0.999
   514   149       -3.515006  0.999
   515   149       -3.522798  1.001
   516   158       -3.229803  0.999
   517   148       -3.536204  1.000
   518   148       -3.540880  0.998
   519   158       -3.227765  0.998
   520   146       -3.594354  1.000
   521   146       -3.593342  0.998
   522   144       -3.627594  0.997
   523   158       -3.236448  1.000
   524   144       -3.622389  1.000
   525   159       -3.207415  1.000
   526   160       -3.179474  1.000
   527   160       -3.165789  0.998
   528   148       -3.514121  1.000
   529   158       -3.211704  0.997
   530   154       -3.335411  1.000
   531   159       -3.166331  0.996
   532   176       -2.168387  1.002
   533   146       -3.613136  0.998
   534   155       -3.314218  0.998
   535   156       -3.277474  1.000
   536   176       -2.125037  1.002
   537   162       -3.041015  0.999
   538   162       -3.026990  0.999
   539   176       -2.098039  1.001
   540   156       -3.221967  0.999
   541   154       -3.310854  1.003
   542   154       -3.311644  0.999
   543   176       -2.097174  0.999
   544   164       -2.916330  0.998
   545   176       -2.109277  0.999
   546   156       -3.256493  0.999
   547   146       -3.643257  1.001
   548   146       -3.649123  1.000
   549   144       -3.681154  1.001
   550   144       -3.693965  0.998
   551   144       -3.706796  1.000
   552   161       -3.121195  1.000
   553   155       -3.357687  1.002
   554   176       -2.200966  0.999
   555   145       -3.693164  1.002
   556   146       -3.694344  1.000
   557   152       -3.446549  1.001
   558   147       -3.656187  1.000
   559   168       -2.787334  1.001
   560   153       -3.438952  1.000
   561   143       -3.772219  0.999
   562   168       -2.766406  1.000
   563   176       -2.184872  1.002
   564   154       -3.392202  1.000
   565   155       -3.314115  0.999
   566   161       -3.103102  0.999
   567   153       -3.382387  1.000
   568   154       -3.365674  1.001
   569   161       -3.076976  0.999
   570   155       -3.270650  1.000
   571   154       -3.349098  1.000
   572   176       -2.122133  0.998
   573   154       -3.345181  1.005
   574   154       -3.346740  1.005
   575   140       -3.816873  1.000
   576   140       -3.821709  0.997
   577   160       -3.100262  0.999
   578   149       -3.421353  1.000
   579   149       -3.435958  0.999
   580   149       -3.450244  0.999
   581   151       -3.418901  1.000
   582   151       -3.429160  1.000
   583   159       -3.167381  0.997
   584   150       -3.458820  1.003
   585   150       -3.465487  0.995
   586   149       -3.509177  0.998
   587   159       -3.199377  1.001
   588   149       -3.536402  0.998
   589   155       -3.324874  0.997
   590   158       -3.254578  1.000
   591   159       -3.240517  0.999
   592   155       -3.342025  0.999
   593   159       -3.240666  0.999
   594   158       -3.258734  1.001
   595   159       -3.232834  0.999
   596   149       -3.542836  1.000
   597   166       -2.923381  0.999
   598   149       -3.529948  1.001
   599   149       -3.541368  0.999
   600   161       -3.154458  1.007
   601   147       -3.569230  0.998
   602   147       -3.582646  0.999
   603   149       -3.524815  0.999
   604   150       -3.492233  0.998
   605   140       -3.879313  1.000
   606   150       -3.477111  1.001
   607   147       -3.615663  0.999
   608   147       -3.615754  1.002
   609   147       -3.616737  1.000
   610   147       -3.618871  0.999
   611   162       -3.087929  0.997
   612   162       -3.091598  0.997
   613   164       -3.002781  0.998
   614   168       -2.771379  1.001
   615   149       -3.527064  1.000
   616   146       -3.656069  1.000
   617   169       -2.783648  0.999
   618   168       -2.817172  1.002
   619   148       -3.565775  1.001
   620   151       -3.475315  1.006
   621   168       -2.853680  1.002
   622   150       -3.501137  1.001
   623   150       -3.506310  1.001
   624   150       -3.511242  1.000
   625   152       -3.460481  1.000
   626   159       -3.209002  0.998
   627   150       -3.504606  1.003
   628   150       -3.495903  1.003
   629   150       -3.485029  1.001
   630   159       -3.173261  1.002
   631   147       -3.589783  0.999
   632   148       -3.550036  1.000
   633   148       -3.530975  1.003
   634   152       -3.392980  1.003
   635   160       -3.112980  1.003
   636   174       -2.362851  1.001
   637   174       -2.335804  1.000
   638   174       -2.310746  1.003
   639   176       -2.055260  1.002
   640   154       -3.284754  1.000
   641   161       -3.031105  1.005
   642   170       -2.617237  0.999
   643   161       -3.020764  0.999
   644   148       -3.503682  1.001
   645   170       -2.611738  0.999
   646   176       -2.027460  1.000
   647   175       -2.222369  1.000
   648   154       -3.287034  0.996
   649   156       -3.209353  0.995
   650   176       -2.083597  0.999
   651   155       -3.262091  0.998
   652   176       -2.124437  0.999
   653   176       -2.144017  1.000
   654   148       -3.530536  1.001
   655   147       -3.551778  0.999
   656   169       -2.717467  0.999
   657   160       -3.155602  0.999
   658   149       -3.507793  1.001
   659   164       -2.972571  0.998
   660   155       -3.324001  1.000
   661   160       -3.195742  0.999
   662   147       -3.568661  1.000
   663   160       -3.201930  1.001
   664   160       -3.200348  1.006
   665   160       -3.196590  1.003
   666   145       -3.656435  1.003
   667   160       -3.186346  1.008
   668   148       -3.540545  1.001
   669   150       -3.472664  1.001
   670   156       -3.285600  1.001
   671   156       -3.284798  1.001
   672   156       -3.287191  0.998
   673   155       -3.346261  1.000
   674   150       -3.440827  1.001
   675   156       -3.272250  1.000
   676   157       -3.240749  1.000
   677   147       -3.590368  0.999
   678   174       -2.245611  0.999
   679   174       -2.215109  1.000
   680   163       -2.904573  0.999
   681   170       -2.566990  0.998
   682   145       -3.631979  1.000
   683   175       -2.116881  1.002
   684   145       -3.612174  0.999
   685   145       -3.609748  1.000
   686   145       -3.612812  1.000
   687   171       -2.537571  0.998
   688   170       -2.554225  1.000
   689   158       -3.151915  0.997
   690   170       -2.603065  0.999
   691   144       -3.711438  1.001
   692   146       -3.597720  0.998
   693   141       -3.780694  1.000
   694   163       -2.964162  0.999
   695   143       -3.720740  1.000
   696   145       -3.634970  0.998
   697   152       -3.381895  1.001
   698   153       -3.358447  1.004
   699   147       -3.555870  1.003
   700   144       -3.650022  1.001
   701   146       -3.599511  0.999
   702   160       -3.163413  1.002
   703   147       -3.566550  1.000
   704   145       -3.639118  1.000
   705   145       -3.639944  1.004
   706   161       -3.112978  0.999
   707   158       -3.257430  0.999
   708   146       -3.612228  0.998
   709   144       -3.676802  1.001
   710   161       -3.122139  1.004
   711   159       -3.201325  0.999
   712   150       -3.488833  1.005
   713   153       -3.402058  1.000
   714   159       -3.178891  1.001
   715   158       -3.185072  1.000
   716   149       -3.501374  1.001
   717   152       -3.408784  1.003
   718   176       -2.146968  1.000
   719   155       -3.332901  1.001
   720   176       -2.122253  1.001
   721   157       -3.242715  1.001
   722   176       -2.112831  1.004
   723   157       -3.240286  0.999
   724   151       -3.444555  1.001
   725   153       -3.393098  0.997
   726   174       -2.331134  0.998
   727   168       -2.764962  1.000
   728   168       -2.784589  1.004
   729   150       -3.491181  1.001
   730   175       -2.235094  0.999
   731   142       -3.828201  1.000
   732   161       -3.136152  0.996
   733   147       -3.587744  0.999
   734   145       -3.653784  1.001
   735   145       -3.651962  1.004
   736   163       -3.032983  0.999
   737   162       -3.081264  1.000
   738   146       -3.620717  1.000
   739   142       -3.746824  0.998
   740   163       -3.040962  1.000
   741   163       -3.034041  0.998
   742   162       -3.051623  1.000
   743   145       -3.621936  0.998
   744   145       -3.602298  1.000
   745   147       -3.555463  1.000
   746   147       -3.530834  1.000
   747   165       -2.913902  1.002
   748   145       -3.586119  1.002
   749   174       -2.330262  1.000
   750   152       -3.374186  1.004
   751   162       -3.043797  1.000
   752   147       -3.549459  1.001
   753   154       -3.268018  1.000
   754   158       -3.149394  1.001
   755   167       -2.763242  0.999
   756   153       -3.324477  1.004
   757   167       -2.747868  1.000
   758   153       -3.353873  1.001
   759   149       -3.495308  1.000
   760   176       -1.973354  0.999
   761   159       -3.127923  1.001
   762   175       -2.186869  0.999
   763   159       -3.170090  1.004
   764   175       -2.240603  1.001
   765   167       -2.813063  0.999
   766   147       -3.646729  1.002
   767   149       -3.561244  1.001
   768   156       -3.345329  1.001
   769   145       -3.744699  1.000
   770   162       -3.114484  0.999
   771   146       -3.707020  0.999
   772   149       -3.580195  1.000
   773   171       -2.618287  1.000
   774   147       -3.653436  1.001
   775   147       -3.670674  0.999
   776   154       -3.410239  1.000
   777   146       -3.690552  1.001
   778   148       -3.645842  1.002
   779   146       -3.676946  0.999
   780   151       -3.550353  1.001
   781   148       -3.636798  1.000
   782   154       -3.415905  1.000
   783   154       -3.400413  1.000
   784   164       -3.026848  1.000
   785   158       -3.270805  1.001
   786   155       -3.337797  0.997
   787   150       -3.528343  0.998
   788   157       -3.292460  0.999
   789   150       -3.488608  0.998
   790   152       -3.435039  1.001
   791   151       -3.464409  0.999
   792   175       -2.225219  0.998
   793   175       -2.222598  0.999
   794   160       -3.199831  0.997
   795   148       -3.543153  0.996
   796   152       -3.424475  1.001
   797   154       -3.380169  0.999
   798   150       -3.509660  1.001
   799   154       -3.392667  1.004
   800   169       -2.831156  0.998
   801   154       -3.416244  1.001
   802   147       -3.576117  1.001
   803   154       -3.445830  0.999
   804   147       -3.609955  1.002
   805   147       -3.624421  1.001
   806   150       -3.513773  1.000
   807   147       -3.642524  1.001
   808   150       -3.530560  1.001
   809   148       -3.591093  0.999
   810   148       -3.592628  1.001
   811   148       -3.591598  1.000
   812   145       -3.688206  0.999
   813   144       -3.708068  1.001
   814   150       -3.521056  1.000
   815   145       -3.657421  0.999
   816   155       -3.323847  0.997
   817   143       -3.713273  0.998
   818   151       -3.442374  0.999
   819   150       -3.472560  1.002
   820   150       -3.446848  1.001
   821   150       -3.421859  1.001
   822   176       -2.178742  1.001
   823   176       -2.163402  1.004
   824   160       -3.114739  0.999
   825   175       -2.310704  0.998
   826   175       -2.294404  0.999
   827   164       -2.949360  1.001
   828   176       -2.096767  1.000
   829   161       -3.061978  0.999
   830   169       -2.650816  1.002
   831   176       -2.084173  1.002
   832   176       -2.088640  1.000
   833   145       -3.635388  1.001
   834   153       -3.376322  1.001
   835   145       -3.662341  1.001
   836   175       -2.145926  1.001
   837   145       -3.700490  1.003
   838   145       -3.721514  1.003
   839   163       -3.036571  0.999
   840   149       -3.575645  1.002
   841   149       -3.572879  1.004
   842   150       -3.513404  1.004
   843   162       -3.131482  1.001
   844   140       -3.884739  1.003
   845   140       -3.892566  0.999
   846   151       -3.528774  1.002
   847   148       -3.605750  1.000
   848   148       -3.606315  1.000
   849   146       -3.648881  1.001
   850   155       -3.348191  0.997
   851   151       -3.488708  1.001
   852   151       -3.481516  1.001
   853   146       -3.632853  1.001
   854   151       -3.465160  0.998
   855   151       -3.455970  1.000
   856   146       -3.614585  1.000
   857   147       -3.573934  0.999
   858   147       -3.567942  0.999
   859   147       -3.558339  1.000
   860   150       -3.484490  0.998
   861   150       -3.469858  1.002
   862   161       -3.137597  0.999
   863   164       -2.979143  0.998
   864   159       -3.205772  0.996
   865   168       -2.810428  0.998
   866   169       -2.783899  0.998
   867   149       -3.474387  1.001
   868   169       -2.791590  1.000
   869   169       -2.797251  1.000
   870   152       -3.432253  0.999
   871   169       -2.810704  0.998
   872   162       -3.081446  1.002
   873   166       -2.917799  0.998
   874   153       -3.410438  1.000
   875   140       -3.842810  0.999
   876   153       -3.431667  0.999
   877   155       -3.332082  0.999
   878   147       -3.562175  1.000
   879   163       -3.022844  0.995
   880   154       -3.333157  1.000
   881   154       -3.331105  0.999
   882   159       -3.223055  0.999
   883   159       -3.223007  0.998
   884   155       -3.316797  1.000
   885   145       -3.628465  1.006
   886   148       -3.552848  0.999
   887   151       -3.482007  0.996
   888   160       -3.136858  1.003
   889   151       -3.464793  0.998
   890   160       -3.125280  1.001
   891   150       -3.490113  0.999
   892   165       -2.891847  0.998
   893   153       -3.385638  0.999
   894   158       -3.178694  0.996
   895   164       -2.935411  0.998
   896   176       -2.151878  1.001
   897   176       -2.134926  1.001
   898   140       -3.814314  1.000
   899   152       -3.343775  1.000
   900   155       -3.262807  1.004
   901   169       -2.661136  1.002
   902   169       -2.648232  1.002
   903   147       -3.566187  1.000
   904   147       -3.567557  1.000
   905   147       -3.567286  1.000
   906   148       -3.549185  1.004
   907   145       -3.705070  1.001
   908   149       -3.509209  1.001
   909   145       -3.723245  1.000
   910   148       -3.581907  1.005
   911   147       -3.599899  0.999
   912   154       -3.315763  1.001
   913   148       -3.587616  1.001
   914   153       -3.360371  1.000
   915   163       -2.997951  1.002
   916   148       -3.579682  1.000
   917   159       -3.188655  1.000
   918   149       -3.478267  1.003
   919   149       -3.499655  1.003
   920   148       -3.522921  1.001
   921   159       -3.183677  1.000
   922   160       -3.175407  1.004
   923   154       -3.337881  0.996
   924   149       -3.541599  0.996
   925   154       -3.317941  0.997
   926   146       -3.599519  0.999
   927   148       -3.547215  1.000
   928   159       -3.230249  0.998
   929   148       -3.537435  0.999
   930   148       -3.525878  1.001
   931   149       -3.510556  0.998
   932   148       -3.506796  0.996
   933   160       -3.146367  1.000
   934   148       -3.477954  1.001
   935   160       -3.127548  1.000
   936   158       -3.165704  0.999
   937   173       -2.406632  0.999
   938   176       -2.121648  0.999
   939   142       -3.733986  0.999
   940   156       -3.255066  0.999
   941   156       -3.252153  1.004
   942   176       -2.091057  1.000
   943   156       -3.245976  1.001
   944   176       -2.089922  1.001
   945   176       -2.095674  1.002
   946   164       -2.957526  0.999
   947   155       -3.293753  1.003
   948   143       -3.727297  0.999
   949   156       -3.299392  1.001
   950   159       -3.168530  1.002
   951   155       -3.348910  1.005
   952   162       -3.080536  1.001
   953   148       -3.509173  1.003
   954   161       -3.135137  1.001
   955   162       -3.126126  1.004
   956   147       -3.576925  1.003
   957   147       -3.597237  1.001
   958   147       -3.614751  1.000
   959   163       -3.084670  1.002
   960   150       -3.547298  1.001
   961   162       -3.123115  1.001
   962   147       -3.644945  1.000
   963   150       -3.548005  1.002
   964   160       -3.160391  1.000
   965   148       -3.582230  1.003
   966   150       -3.499557  1.001
   967   160       -3.127114  1.000
   968   163       -3.007697  1.002
   969   147       -3.540763  1.003
   970   158       -3.176620  0.999
   971   168       -2.772300  1.002
   972   154       -3.305578  1.002
   973   168       -2.712123  0.999
   974   176       -2.100944  1.001
   975   157       -3.187716  0.999
   976   176       -2.043961  0.998
   977   176       -2.018817  1.001
   978   175       -2.159945  1.002
   979   155       -3.210489  1.001
   980   171       -2.558548  1.002
   981   174       -2.141129  1.000
   982   174       -2.141083  1.000
   983   164       -2.860845  1.000
   984   159       -3.131392  1.005
   985   175       -2.157323  1.001
   986   175       -2.177214  1.001
   987   163       -2.936752  0.999
   988   147       -3.579118  0.999
   989   149       -3.507038  0.997
   990   142       -3.809024  1.000
   991   167       -2.860521  1.000
   992   140       -3.878282  0.999
   993   155       -3.370516  0.998
   994   154       -3.409249  0.999
   995   153       -3.445448  1.001
   996   151       -3.480684  0.996
   997   160       -3.193807  1.001
   998   160       -3.200562  1.003
   999   164       -3.021744  0.997
  1000   159       -3.211374  1.000
  1001   161       -3.108973  0.999
  1002   152       -3.408739  0.999
  1003   160       -3.176364  1.000
  1004   152       -3.415389  0.999
  1005   152       -3.412087  0.999
  1006   146       -3.617505  1.004
  1007   142       -3.711356  1.005
  1008   146       -3.597518  1.001
  1009   144       -3.651983  0.999
  1010   163       -3.025011  1.000
  1011   160       -3.167277  1.001
  1012   149       -3.516738  0.998
  1013   157       -3.263424  0.999
  1014   160       -3.166482  1.001
  1015   148       -3.504026  1.000
  1016   168       -2.828519  1.000
  1017   155       -3.370003  1.001
  1018   175       -2.203925  0.999
  1019   144       -3.733644  1.000
  1020   168       -2.776092  1.002
  1021   140       -3.888548  1.003
  1022   146       -3.662050  1.001
  1023   154       -3.409608  1.000
  1024   146       -3.683035  1.000
  1025   154       -3.419892  1.003
  1026   158       -3.295948  1.001
  1027   146       -3.687789  0.999
  1028   168       -2.804005  1.000
  1029   164       -2.998810  1.001
  1030   175       -2.236710  1.001
  1031   151       -3.470816  1.001
  1032   168       -2.825412  1.003
  1033   158       -3.234594  0.999
  1034   168       -2.830423  1.003
  1035   152       -3.472776  1.001
  1036   156       -3.309784  1.002
  1037   156       -3.299398  1.002
  1038   165       -2.918339  1.002
  1039   150       -3.462290  0.999
  1040   150       -3.450554  1.000
  1041   158       -3.175342  0.999
  1042   158       -3.158665  0.997
  1043   176       -2.111208  0.999
  1044   150       -3.396351  1.000
  1045   150       -3.380330  1.000
  1046   159       -3.078722  0.999
  1047   176       -2.066073  0.996
  1048   147       -3.484458  0.999
  1049   176       -2.046798  1.000
  1050   141       -3.727960  1.001
  1051   176       -2.026991  1.000
  1052   174       -2.233682  1.000
  1053   141       -3.723481  1.004
  1054   176       -2.004472  1.002
  1055   170       -2.587431  1.002
  1056   154       -3.220253  1.001
  1057   175       -2.174058  1.001
  1058   158       -3.158648  1.001
  1059   159       -3.120759  1.004
  1060   175       -2.209177  0.999
  1061   148       -3.544916  1.001
  1062   163       -2.981062  0.999
  1063   153       -3.329799  1.004
  1064   152       -3.361607  0.998
  1065   153       -3.361712  0.999
  1066   153       -3.392775  1.001
  1067   154       -3.388270  0.997
  1068   142       -3.801957  1.001
  1069   153       -3.415608  0.999
  1070   147       -3.589620  1.002
  1071   152       -3.469381  1.003
  1072   151       -3.530788  1.000
  1073   152       -3.464606  1.000
  1074   152       -3.466822  1.001
  1075   154       -3.417373  0.997
  1076   148       -3.634561  1.000
  1077   152       -3.466868  0.997
  1078   140       -3.817518  1.000
  1079   140       -3.821663  1.000
  1080   142       -3.783444  1.000
  1081   148       -3.650554  0.999
  1082   148       -3.641606  0.999
  1083   152       -3.476741  0.999
  1084   140       -3.807936  1.000
  1085   147       -3.651204  1.005
  1086   144       -3.710296  0.997
  1087   153       -3.403881  1.000
  1088   164       -3.030415  0.999
  1089   171       -2.596306  0.997
  1090   164       -3.019468  0.998
  1091   156       -3.274405  0.997
  1092   140       -3.838823  0.998
  1093   160       -3.157274  1.000
  1094   150       -3.461533  1.000
  1095   153       -3.388083  0.998
  1096   169       -2.725975  0.999
  1097   169       -2.718754  1.002
  1098   169       -2.712331  0.998
  1099   161       -3.101525  0.997
  1100   169       -2.703266  1.002
  1101   169       -2.700784  1.002
  1102   144       -3.689088  1.002
  1103   144       -3.688459  0.999
  1104   168       -2.715428  1.001
  1105   168       -2.719210  0.999
  1106   168       -2.724307  0.998
  1107   168       -2.730503  1.002
  1108   168       -2.736770  1.000
  1109   149       -3.452422  1.000
  1110   149       -3.456538  1.000
  1111   153       -3.328639  0.998
  1112   146       -3.591843  0.998
  1113   151       -3.401403  1.000
  1114   151       -3.398502  0.999
  1115   153       -3.332347  0.999
  1116   140       -3.808229  1.001
  1117   148       -3.464219  1.001
  1118   147       -3.526729  1.000
  1119   154       -3.297504  1.000
  1120   154       -3.295233  1.000
  1121   148       -3.441289  1.001
  1122   162       -3.015679  1.001
  1123   150       -3.375658  0.999
  1124   146       -3.540463  1.004
  1125   148       -3.427067  0.999
  1126   147       -3.491510  0.999
  1127   176       -2.098067  1.000
  1128   176       -2.107277  0.999
  1129   163       -2.996566  0.998
  1130   143       -3.721134  0.999
  1131   150       -3.458570  0.999
  1132   155       -3.333665  1.002
  1133   146       -3.628449  0.999
  1134   154       -3.364786  1.001
  1135   162       -3.076029  1.002
  1136   162       -3.096862  1.000
  1137   171       -2.520748  0.999
  1138   171       -2.545538  1.003
  1139   171       -2.570714  1.003
  1140   171       -2.595685  1.004
  1141   171       -2.619745  1.001
  1142   163       -3.138238  0.999
  1143   163       -3.143925  1.000
  1144   165       -3.013544  0.998
  1145   158       -3.326613  0.998
  1146   149       -3.612598  1.002
  1147   147       -3.661730  1.000
  1148   145       -3.713539  1.002
  1149   146       -3.695619  1.004
  1150   145       -3.693615  1.001
  1151   147       -3.646244  1.000
  1152   157       -3.302900  0.999
  1153   148       -3.561199  1.005
  1154   144       -3.683796  1.000
  1155   147       -3.586568  1.000
  1156   146       -3.596846  0.999
  1157   145       -3.591588  0.999
  1158   145       -3.578325  0.998
  1159   157       -3.190039  1.000
  1160   149       -3.472005  0.999
  1161   149       -3.450210  1.002
  1162   150       -3.430942  1.002
  1163   148       -3.459805  1.005
  1164   151       -3.400906  1.000
  1165   150       -3.423547  1.000
  1166   150       -3.409587  1.003
  1167   150       -3.397893  0.998
  1168   176       -2.125466  0.998
  1169   161       -3.087322  0.999
  1170   164       -2.968872  1.002
  1171   168       -2.716341  0.999
  1172   164       -2.972239  0.999
  1173   141       -3.829400  1.003
  1174   146       -3.664974  1.005
  1175   146       -3.676041  1.000
  1176   146       -3.685765  0.999
  1177   146       -3.694744  0.999
  1178   168       -2.783496  1.001
  1179   175       -2.212955  1.000
  1180   156       -3.353384  0.999
  1181   156       -3.361885  1.000
  1182   156       -3.367965  1.001
  1183   159       -3.259173  1.004
  1184   143       -3.785805  1.002
  1185   162       -3.084292  0.999
  1186   155       -3.391148  0.999
  1187   162       -3.084465  0.998
  1188   155       -3.382531  0.998
  1189   155       -3.374998  1.001
  1190   158       -3.219674  1.001
  1191   147       -3.629471  1.004
  1192   155       -3.340768  1.000
  1193   143       -3.734810  1.002
  1194   143       -3.726526  1.000
  1195   147       -3.573529  1.002
  1196   173       -2.358569  0.999
  1197   145       -3.658124  1.001
  1198   155       -3.246001  1.001
  1199   155       -3.236013  1.002
  1200   155       -3.232906  0.999
  1201   141       -3.765566  0.999
  1202   144       -3.691486  1.000
  1203   176       -2.066865  1.004
  1204   176       -2.065486  1.001
  1205   176       -2.066661  1.000
  1206   147       -3.555692  1.000
  1207   176       -2.078819  0.999
  1208   174       -2.273374  1.000
  1209   153       -3.329387  1.000
  1210   176       -2.120697  1.000
  1211   176       -2.139574  1.000
  1212   168       -2.732639  0.998
  1213   156       -3.295100  0.998
  1214   168       -2.773532  1.005
  1215   168       -2.792203  1.000
  1216   168       -2.807169  1.001
  1217   150       -3.501902  1.001
  1218   147       -3.549643  0.999
  1219   148       -3.544273  1.001
  1220   144       -3.707478  0.999
  1221   159       -3.217203  1.000
  1222   143       -3.709582  0.999
  1223   160       -3.182951  1.004
  1224   162       -3.065554  1.004
  1225   145       -3.655954  1.004
  1226   143       -3.695004  1.002
  1227   147       -3.591971  1.002
  1228   147       -3.590068  0.998
  1229   145       -3.652935  1.003
  1230   161       -3.086092  1.000
  1231   144       -3.667353  0.996
  1232   144       -3.661496  0.999
  1233   151       -3.477620  1.000
  1234   144       -3.652220  0.999
  1235   152       -3.424458  1.001
  1236   158       -3.242551  1.003
  1237   148       -3.538610  0.996
  1238   161       -3.120525  0.999
  1239   163       -3.074826  0.999
  1240   141       -3.807373  1.000
  1241   155       -3.346015  0.999
  1242   146       -3.671973  0.999
  1243   170       -2.733721  0.998
  1244   146       -3.676717  1.003
  1245   170       -2.719060  0.999
  1246   144       -3.710627  1.000
  1247   146       -3.689295  0.999
  1248   146       -3.694981  0.999
  1249   153       -3.421873  1.002
  1250   146       -3.707657  1.000
  1251   175       -2.222992  1.000
  1252   159       -3.250942  1.000
  1253   150       -3.526769  1.001
  1254   156       -3.378763  1.000
  1255   150       -3.544769  1.003
  1256   156       -3.403887  1.004
  1257   155       -3.418341  1.000
  1258   150       -3.537329  1.000
  1259   158       -3.297404  1.000
  1260   158       -3.291087  1.000
  1261   151       -3.537693  1.004
  1262   149       -3.562348  1.000
  1263   153       -3.469843  1.002
  1264   161       -3.164859  0.999
  1265   161       -3.156766  1.001
  1266   153       -3.449670  1.001
  1267   153       -3.436099  1.001
  1268   145       -3.654291  0.999
  1269   154       -3.349940  0.999
  1270   152       -3.422010  1.001
  1271   145       -3.630631  1.000
  1272   145       -3.624782  0.999
  1273   149       -3.463194  0.999
  1274   159       -3.106632  0.997
  1275   175       -2.290809  1.000
  1276   176       -2.094081  1.001
  1277   176       -2.081834  1.004
  1278   175       -2.257724  1.002
  1279   176       -2.064985  1.002
  1280   176       -2.060983  1.002
  1281   175       -2.251221  1.002
  1282   171       -2.631468  0.999
  1283   151       -3.357063  0.999
  1284   171       -2.647382  0.999
  1285   176       -2.087758  0.999
  1286   155       -3.260970  1.002
  1287   140       -3.804911  1.003
  1288   176       -2.132830  1.000
  1289   153       -3.374625  1.004
  1290   145       -3.638528  1.005
  1291   169       -2.743147  1.001
  1292   149       -3.470955  0.999
  1293   159       -3.192303  1.001
  1294   161       -3.130825  1.001
  1295   149       -3.483031  1.001
  1296   149       -3.495533  0.999
  1297   151       -3.436074  1.000
  1298   149       -3.516003  0.998
  1299   147       -3.572719  1.000
  1300   163       -3.027535  1.000
  1301   148       -3.525556  0.999
  1302   148       -3.521635  0.999
  1303   147       -3.562711  1.000
  1304   144       -3.634801  1.004
  1305   147       -3.539573  1.004
  1306   147       -3.525358  1.000
  1307   147       -3.509146  1.005
  1308   147       -3.492646  1.000
  1309   144       -3.569598  1.000
  1310   151       -3.402326  1.002
  1311   158       -3.167227  0.999
  1312   145       -3.552398  1.000
  1313   159       -3.082394  0.996
  1314   158       -3.113551  0.997
  1315   158       -3.098550  0.999
  1316   176       -2.100739  0.999
  1317   176       -2.103460  0.996
  1318   168       -2.689738  0.999
  1319   144       -3.656320  1.000
  1320   176       -2.117628  1.001
  1321   161       -3.059929  1.000
  1322   161       -3.062291  1.000
  1323   156       -3.268985  0.999
  1324   145       -3.683850  1.001
  1325   141       -3.839016  1.001
  1326   145       -3.700919  1.002
  1327   141       -3.858584  1.003
  1328   176       -2.194132  0.999
  1329   145       -3.724203  1.003
  1330   154       -3.414106  1.000
  1331   153       -3.426266  1.000
  1332   151       -3.461824  1.001
  1333   159       -3.216721  1.001
  1334   155       -3.369214  1.001
  1335   155       -3.370242  1.000
  1336   144       -3.737545  1.001
  1337   175       -2.244445  0.999
  1338   159       -3.172191  0.997
  1339   159       -3.168986  0.999
  1340   150       -3.449042  0.999
  1341   176       -2.205169  1.000
  1342   151       -3.423229  1.000
  1343   156       -3.265528  0.999
  1344   156       -3.251610  1.000
  1345   153       -3.329628  1.002
  1346   156       -3.226430  0.998
  1347   159       -3.102676  0.997
  1348   159       -3.090478  0.997
  1349   142       -3.710909  0.998
  1350   159       -3.067251  0.997
  1351   175       -2.256940  1.002
  1352   151       -3.334953  1.001
  1353   175       -2.249244  0.998
  1354   160       -3.042610  1.001
  1355   151       -3.333224  1.001
  1356   176       -2.091652  1.001
  1357   151       -3.341365  1.000
  1358   176       -2.108039  1.000
  1359   151       -3.354087  0.999
  1360   151       -3.362124  1.002
  1361   151       -3.371268  0.998
  1362   151       -3.381895  1.001
  1363   151       -3.394512  1.003
  1364   160       -3.117293  0.999
  1365   154       -3.330835  1.000
  1366   159       -3.153492  0.999
  1367   154       -3.363559  1.000
  1368   144       -3.718504  0.999
  1369   149       -3.495205  1.001
  1370   171       -2.503242  1.001
  1371   141       -3.848596  1.002
  1372   171       -2.525267  0.999
  1373   152       -3.482175  1.000
  1374   149       -3.534401  1.002
  1375   147       -3.570962  1.003
  1376   168       -2.843158  1.001
  1377   151       -3.492705  1.002
  1378   147       -3.567827  0.999
  1379   161       -3.164220  0.999
  1380   160       -3.198717  1.000
  1381   144       -3.715208  1.001
  1382   152       -3.457320  0.998
  1383   156       -3.322751  1.001
  1384   148       -3.511501  1.001
  1385   160       -3.147258  1.001
  1386   148       -3.495132  1.001
  1387   148       -3.489294  1.001
  1388   164       -2.928960  1.001
  1389   167       -2.795330  0.999
  1390   176       -2.132437  1.004
  1391   176       -2.121385  1.000
  1392   148       -3.472342  1.003
  1393   148       -3.468126  1.000
  1394   176       -2.094661  1.001
  1395   175       -2.248989  0.999
  1396   141       -3.753256  1.000
  1397   162       -3.015391  1.000
  1398   164       -2.918582  0.999
  1399   164       -2.919879  1.001
  1400   164       -2.923608  1.001
  1401   164       -2.929523  0.999
  1402   164       -2.937266  0.999
  1403   175       -2.275361  1.000
  1404   176       -2.129110  1.000
  1405   160       -3.121668  1.000
  1406   162       -3.084644  0.999
  1407   176       -2.168727  0.999
  1408   161       -3.115790  0.999
  1409   176       -2.195874  0.999
  1410   176       -2.208280  1.001
  1411   143       -3.772238  1.001
  1412   140       -3.899367  1.000
  1413   168       -2.823978  1.002
  1414   160       -3.189083  1.000
  1415   168       -2.833710  1.001
  1416   168       -2.835599  0.999
  1417   160       -3.200411  0.997
  1418   168       -2.833982  0.999
  1419   160       -3.198331  0.999
  1420   159       -3.206006  0.996
  1421   160       -3.191330  0.996
  1422   153       -3.410504  0.998
  1423   176       -2.208688  0.998
  1424   176       -2.202364  1.001
  1425   176       -2.196816  1.002
  1426   176       -2.192964  1.000
  1427   159       -3.177599  1.001
  1428   176       -2.188680  0.998
  1429   176       -2.188561  1.000
  1430   158       -3.187321  0.999
  1431   145       -3.603750  1.001
  1432   149       -3.483120  0.999
  1433   158       -3.211912  0.999
  1434   158       -3.223275  0.999
  1435   153       -3.411709  1.000
  1436   148       -3.527933  0.998
  1437   149       -3.506104  1.000
  1438   146       -3.597745  0.999
  1439   147       -3.568668  1.000
  1440   151       -3.474904  1.004
  1441   151       -3.482284  1.000
  1442   151       -3.488340  0.998
  1443   159       -3.253317  0.997
  1444   147       -3.606572  0.999
  1445   152       -3.486834  1.001
  1446   158       -3.301593  0.999
  1447   159       -3.275407  0.999
  1448   162       -3.158935  1.001
  1449   158       -3.272764  1.000
  1450   144       -3.751514  1.000
  1451   168       -2.859340  0.998
  1452   168       -2.840546  0.999
  1453   162       -3.086780  0.999
  1454   143       -3.777637  1.001
  1455   143       -3.761282  0.999
  1456   176       -2.164300  0.999
  1457   146       -3.633990  1.002
  1458   140       -3.822131  1.001
  1459   140       -3.800721  1.000
  1460   176       -2.074947  0.998
  1461   171       -2.626621  0.999
  1462   171       -2.611732  1.000
  1463   174       -2.264721  1.000
  1464   174       -2.255580  1.003
  1465   142       -3.710993  1.000
  1466   176       -2.018191  1.001
  1467   175       -2.202501  1.001
  1468   176       -2.032780  1.001
  1469   175       -2.219463  1.002
  1470   176       -2.059773  1.002
  1471   176       -2.077315  1.004
  1472   147       -3.547464  1.001
  1473   150       -3.397682  1.006
  1474   150       -3.419457  1.003
  1475   147       -3.604449  0.999
  1476   148       -3.540691  1.000
  1477   149       -3.499903  1.004
  1478   158       -3.228571  1.001
  1479   168       -2.828125  1.002
  1480   168       -2.846006  1.005
  1481   168       -2.861076  1.003
  1482   168       -2.873184  1.002
  1483   158       -3.292993  0.999
  1484   153       -3.468932  1.002
  1485   152       -3.531561  1.002
  1486   152       -3.531833  1.000
  1487   152       -3.530524  1.002
  1488   155       -3.421194  1.003
  1489   152       -3.523515  1.002
  1490   152       -3.517326  1.001
  1491   152       -3.509328  1.002
  1492   160       -3.222155  0.999
  1493   154       -3.416016  0.999
  1494   150       -3.531141  1.003
  1495   144       -3.768878  0.999
  1496   149       -3.558965  0.999
  1497   168       -2.789202  1.002
  1498   168       -2.773533  1.002
  1499   168       -2.759145  0.999
  1500   155       -3.338359  1.003
  1501   145       -3.678904  0.999
  1502   176       -2.151271  1.001
  1503   176       -2.142397  0.999
  1504   156       -3.263118  0.999
  1505   156       -3.262219  1.001
  1506   140       -3.824610  1.005
  1507   149       -3.433379  1.000
  1508   152       -3.379064  1.001
  1509   151       -3.389500  1.001
  1510   151       -3.402217  1.004
  1511   149       -3.455202  0.995
  1512   150       -3.432859  0.999
  1513   149       -3.481587  0.998
  1514   150       -3.461553  0.999
  1515   157       -3.214477  0.999
  1516   157       -3.230067  0.995
  1517   146       -3.560270  0.998
  1518   151       -3.449252  1.000
  1519   143       -3.679201  0.996
  1520   146       -3.575460  1.000
  1521   150       -3.483313  0.995
  1522   150       -3.485200  1.000
  1523   147       -3.569645  0.998
  1524   151       -3.462522  0.998
  1525   157       -3.269040  0.997
  1526   157       -3.258030  1.000
  1527   150       -3.482898  0.998
  1528   150       -3.475813  1.001
  1529   153       -3.399413  1.002
  1530   155       -3.323624  0.999
  1531   155       -3.323491  1.001
  1532   151       -3.422467  0.996
  1533   155       -3.319971  1.000
  1534   156       -3.295820  1.000
  1535   176       -2.115490  0.999
  1536   176       -2.095518  0.999
  1537   164       -2.922432  0.999
  1538   159       -3.124784  1.000
  1539   159       -3.115727  1.001
  1540   155       -3.266439  1.001
  1541   141       -3.741256  1.006
  1542   174       -2.245544  1.001
  1543   174       -2.242044  1.000
  1544   158       -3.157875  1.000
  1545   158       -3.162152  0.998
  1546   161       -3.027538  1.000
  1547   176       -2.039808  1.002
  1548   176       -2.053674  1.000
  1549   154       -3.304037  1.000
  1550   162       -3.025185  0.997
  1551   161       -3.047250  0.997
  1552   156       -3.274285  1.001
  1553   169       -2.712452  1.002
  1554   156       -3.316597  1.000
  1555   143       -3.755389  0.999
  1556   150       -3.489030  1.000
  1557   153       -3.438153  1.000
  1558   151       -3.497521  0.999
  1559   162       -3.133231  0.999
  1560   147       -3.649164  0.999
  1561   149       -3.559420  1.004
  1562   148       -3.594928  1.003
  1563   161       -3.189828  1.002
  1564   156       -3.328169  0.999
  1565   151       -3.511881  1.001
  1566   158       -3.271117  1.000
  1567   167       -2.881923  0.997
  1568   167       -2.864401  1.003
  1569   167       -2.843431  1.000
  1570   167       -2.820116  1.000
  1571   155       -3.350404  1.000
  1572   156       -3.250335  1.000
  1573   140       -3.838521  1.001
  1574   154       -3.324306  1.004
  1575   161       -3.068528  1.000
  1576   176       -2.061437  1.000
  1577   176       -2.047783  1.001
  1578   171       -2.626116  1.005
  1579   141       -3.735572  1.003
  1580   141       -3.731907  1.004
  1581   141       -3.733792  1.004
  1582   174       -2.295668  1.003
  1583   154       -3.263680  1.000
  1584   176       -2.077884  0.998
  1585   154       -3.298820  0.999
  1586   143       -3.684377  1.000
  1587   153       -3.347942  1.004
  1588   153       -3.375655  1.001
  1589   168       -2.793368  0.997
  1590   155       -3.299286  1.000
  1591   155       -3.312967  1.001
  1592   161       -3.136440  1.000
  1593   155       -3.344548  0.998
  1594   160       -3.217902  1.002
  1595   160       -3.237493  0.999
  1596   159       -3.270558  0.998
  1597   161       -3.187461  1.003
  1598   161       -3.198460  1.004
  1599   161       -3.208336  1.000
  1600   161       -3.217469  1.004
  1601   152       -3.523934  1.000
  1602   150       -3.584131  1.000
  1603   150       -3.573048  1.002
  1604   150       -3.557052  1.004
  1605   152       -3.500611  1.000
  1606   152       -3.477427  1.002
  1607   152       -3.450902  1.002
  1608   153       -3.407719  1.000
  1609   155       -3.339891  1.001
  1610   140       -3.849946  1.000
  1611   149       -3.489009  1.001
  1612   147       -3.570982  0.998
  1613   145       -3.650615  1.001
  1614   141       -3.759016  1.001
  1615   149       -3.458652  1.001
  1616   147       -3.521370  1.000
  1617   141       -3.734413  1.001
  1618   145       -3.605046  1.001
  1619   141       -3.744256  1.001
  1620   175       -2.243244  0.998
  1621   141       -3.774516  1.001
  1622   166       -2.859053  1.004
  1623   161       -3.067364  0.999
  1624   145       -3.648340  1.001
  1625   146       -3.631864  1.002
  1626   155       -3.339655  1.001
  1627   155       -3.360504  1.000
  1628   144       -3.749429  1.001
  1629   149       -3.537620  1.002
  1630   144       -3.781784  1.000
  1631   149       -3.564897  1.000
  1632   148       -3.613178  1.001
  1633   159       -3.280941  1.000
  1634   148       -3.628019  0.999
  1635   152       -3.498208  1.000
  1636   152       -3.501038  1.000
  1637   149       -3.578367  0.998
  1638   161       -3.178663  0.999
  1639   161       -3.171603  1.002
  1640   159       -3.252392  0.997
  1641   148       -3.576682  1.001
  1642   148       -3.565327  1.000
  1643   162       -3.100922  0.999
  1644   163       -3.085354  1.000
  1645   146       -3.666036  1.002
  1646   156       -3.333075  1.000
  1647   146       -3.640487  1.000
  1648   165       -2.936281  1.002
  1649   176       -2.177621  1.004
  1650   163       -3.041406  1.000
  1651   165       -2.929071  1.005
  1652   176       -2.178585  1.004
  1653   167       -2.865405  0.999
  1654   165       -2.942816  1.002
  1655   165       -2.950419  0.999
  1656   161       -3.133747  1.004
  1657   158       -3.232924  0.999
  1658   162       -3.137548  0.999
  1659   150       -3.528868  1.005
  1660   155       -3.359267  0.999
  1661   163       -3.029988  1.001
  1662   163       -3.042270  1.001
  1663   164       -3.031013  1.000
  1664   152       -3.528097  0.999
  1665   152       -3.531535  1.002
  1666   163       -3.073020  1.000
  1667   159       -3.290129  1.001
  1668   161       -3.212623  1.000
  1669   153       -3.508540  1.001
  1670   163       -3.075829  1.000
  1671   153       -3.476967  0.999
  1672   162       -3.150128  0.999
  1673   159       -3.270134  1.000
  1674   159       -3.256021  1.000
  1675   151       -3.495754  1.000
  1676   158       -3.259727  1.001
  1677   166       -2.887471  1.002
  1678   176       -2.159208  1.004
  1679   167       -2.839428  1.007
  1680   142       -3.815766  1.003
  1681   155       -3.323519  1.004
  1682   142       -3.781386  1.001
  1683   176       -2.068980  1.001
  1684   175       -2.247102  1.004
  1685   176       -2.057350  1.002
  1686   159       -3.130493  1.003
  1687   146       -3.618513  1.002
  1688   159       -3.116186  1.005
  1689   175       -2.256680  1.000
  1690   159       -3.108698  1.001
  1691   176       -2.104297  1.001
  1692   160       -3.096595  0.997
  1693   176       -2.135732  1.000
  1694   146       -3.579720  1.000
  1695   152       -3.380648  0.999
  1696   148       -3.491713  1.000
  1697   159       -3.161376  0.999
  1698   147       -3.536329  1.001
  1699   159       -3.190132  0.999
  1700   147       -3.571677  0.999
  1701   152       -3.406882  1.004
  1702   152       -3.407279  1.000
  1703   159       -3.231846  1.000
  1704   145       -3.669708  0.999
  1705   171       -2.600101  1.000
  1706   146       -3.626542  1.004
  1707   144       -3.704629  0.999
  1708   147       -3.599815  1.001
  1709   171       -2.572225  1.001
  1710   144       -3.721249  0.999
  1711   148       -3.577274  0.999
  1712   154       -3.430310  0.999
  1713   162       -3.113684  1.000
  1714   142       -3.837650  0.998
  1715   148       -3.614515  1.001
  1716   148       -3.623159  1.000
  1717   146       -3.698011  1.005
  1718   149       -3.586356  0.999
  1719   156       -3.347898  1.000
  1720   147       -3.659417  0.999
  1721   156       -3.340299  1.001
  1722   175       -2.188871  1.003
  1723   151       -3.474509  1.001
  1724   145       -3.670251  1.003
  1725   160       -3.178713  1.000
  1726   162       -3.084480  1.000
  1727   149       -3.514107  1.000
  1728   149       -3.521667  1.001
  1729   151       -3.465589  1.005
  1730   149       -3.527728  1.000
  1731   149       -3.512441  0.999
  1732   150       -3.491406  1.002
  1733   149       -3.519427  1.001
  1734   162       -3.025216  1.000
  1735   145       -3.620404  1.000
  1736   145       -3.621650  1.004
  1737   162       -3.033375  1.002
  1738   161       -3.079930  1.000
  1739   159       -3.205366  0.999
  1740   145       -3.620113  0.998
  1741   159       -3.213470  0.998
  1742   159       -3.218741  1.004
  1743   146       -3.606788  1.000
  1744   160       -3.155606  0.999
  1745   147       -3.586185  0.996
  1746   158       -3.230933  0.997
  1747   142       -3.816654  0.998
  1748   149       -3.492786  1.000
  1749   161       -3.134743  0.996
  1750   161       -3.102348  0.997
  1751   176       -2.126734  1.002
  1752   169       -2.685495  1.001
  1753   158       -3.208329  0.998
  1754   146       -3.602679  1.000
  1755   158       -3.163409  1.000
  1756   145       -3.677985  1.000
  1757   172       -2.527897  0.998
  1758   145       -3.646410  1.000
  1759   171       -2.543493  1.001
  1760   176       -1.938718  0.999
  1761   175       -2.126841  1.001
  1762   171       -2.544641  0.997
  1763   176       -1.959285  0.999
  1764   146       -3.540361  1.005
  1765   176       -2.000210  0.999
  1766   174       -2.246133  1.000
  1767   176       -2.052286  1.001
  1768   160       -3.058806  1.000
  1769   176       -2.101942  1.002
  1770   149       -3.424283  0.995
  1771   158       -3.156952  0.999
  1772   147       -3.524777  0.999
  1773   157       -3.245770  1.001
  1774   163       -3.000342  1.006
  1775   145       -3.629230  0.996
  1776   149       -3.563078  0.996
  1777   147       -3.616830  0.994
  1778   140       -3.779613  0.999
  1779   152       -3.449324  1.001
  1780   152       -3.462473  0.999
  1781   140       -3.808929  0.998
  1782   147       -3.692261  1.002
  1783   152       -3.511093  1.004
  1784   161       -3.195350  0.999
  1785   152       -3.531041  1.003
  1786   156       -3.421727  1.000
  1787   163       -3.164476  1.000
  1788   149       -3.631700  0.999
  1789   168       -2.953475  1.000
  1790   146       -3.719115  0.999
  1791   150       -3.561105  0.999
  1792   146       -3.723947  1.000
  1793   144       -3.789474  1.000
  1794   158       -3.338641  1.004
  1795   153       -3.431450  1.001
  1796   174       -2.373367  1.001
  1797   162       -3.075759  0.999
  1798   165       -2.956631  1.001
  1799   174       -2.314395  0.999
  1800   176       -2.120213  0.999
  1801   142       -3.800626  1.001
  1802   142       -3.800712  1.000
  1803   146       -3.650753  0.999
  1804   154       -3.345278  0.999
  1805   162       -3.057259  0.999
  1806   176       -2.163322  1.000
  1807   153       -3.377605  0.998
  1808   161       -3.110063  0.997
  1809   144       -3.683190  1.002
  1810   154       -3.353103  0.999
  1811   144       -3.677534  1.001
  1812   155       -3.317326  0.999
  1813   158       -3.211360  0.997
  1814   165       -2.942098  0.996
  1815   144       -3.673880  0.998
  1816   148       -3.536682  0.999
  1817   160       -3.118537  0.997
  1818   164       -2.974693  1.000
  1819   164       -2.970744  0.998
  1820   163       -3.022000  0.997
  1821   164       -2.963880  0.999
  1822   152       -3.415347  0.998
  1823   153       -3.351491  1.001
  1824   149       -3.462144  1.001
  1825   152       -3.383964  1.001
  1826   165       -2.905275  0.998
  1827   143       -3.753114  0.999
  1828   148       -3.473524  1.001
  1829   169       -2.698182  0.998
  1830   147       -3.586287  1.000
  1831   169       -2.675145  1.000
  1832   164       -2.914332  0.998
  1833   164       -2.902415  0.999
  1834   176       -2.073042  1.004
  1835   176       -2.070511  1.000
  1836   176       -2.071059  1.000
  1837   175       -2.245757  1.001
  1838   167       -2.800185  0.999
  1839   147       -3.604027  1.000
  1840   153       -3.353557  0.999
  1841   158       -3.203148  1.000
  1842   168       -2.725896  1.002
  1843   147       -3.613018  0.999
  1844   144       -3.725546  1.001
  1845   143       -3.737833  1.004
  1846   149       -3.503914  1.000
  1847   150       -3.471312  1.004
  1848   140       -3.860291  1.000
  1849   159       -3.174030  1.006
  1850   150       -3.513140  1.000
  1851   146       -3.603119  1.004
  1852   146       -3.612043  1.000
  1853   148       -3.551315  0.998
  1854   148       -3.554426  0.999
  1855   160       -3.171060  0.997
  1856   145       -3.630780  0.999
  1857   145       -3.630582  1.001
  1858   145       -3.629213  0.999
  1859   143       -3.703777  0.999
  1860   161       -3.085599  1.000
  1861   145       -3.621181  0.999
  1862   151       -3.459022  0.999
  1863   151       -3.450783  0.996
  1864   160       -3.159380  0.996
  1865   160       -3.160157  0.999
  1866   161       -3.103296  1.001
  1867   160       -3.157123  0.998
  1868   158       -3.235615  0.996
  1869   161       -3.132400  1.000
  1870   168       -2.846311  1.001
  1871   160       -3.153269  1.000
  1872   158       -3.212709  0.998
  1873   175       -2.219898  0.998
  1874   168       -2.827636  0.998
  1875   175       -2.218388  0.999
  1876   158       -3.222734  1.000
  1877   159       -3.183528  0.999
  1878   142       -3.773554  1.000
  1879   149       -3.475013  1.000
  1880   142       -3.757122  0.999
  1881   153       -3.372811  0.999
  1882   150       -3.447156  1.003
  1883   153       -3.371266  0.999
  1884   150       -3.445916  1.000
  1885   144       -3.653992  0.999
  1886   150       -3.443840  1.000
  1887   150       -3.442696  0.999
  1888   153       -3.363978  0.999
  1889   153       -3.363713  1.001
  1890   153       -3.363769  1.002
  1891   145       -3.641037  1.000
  1892   156       -3.233684  0.998
  1893   168       -2.794887  1.001
  1894   168       -2.792936  0.998
  1895   153       -3.356690  1.001
  1896   145       -3.649513  0.999
  1897   168       -2.783163  0.997
  1898   156       -3.288440  1.001
  1899   156       -3.300040  1.001
  1900   156       -3.309323  1.004
  1901   155       -3.337323  1.001
  1902   158       -3.192513  1.001
  1903   151       -3.410403  1.000
  1904   152       -3.405146  0.999
  1905   158       -3.193916  1.003
  1906   148       -3.498799  1.003
  1907   148       -3.499050  1.000
  1908   153       -3.371922  1.002
  1909   152       -3.387773  1.000
  1910   158       -3.184734  1.003
  1911   169       -2.730633  1.001
  1912   148       -3.492296  0.999
  1913   158       -3.185065  1.005
  1914   148       -3.482414  1.003
  1915   150       -3.417544  1.001
  1916   158       -3.185166  1.005
  1917   168       -2.765001  0.999
  1918   152       -3.379471  1.000
  1919   159       -3.156676  0.999
  1920   151       -3.407307  1.000
  1921   151       -3.401683  0.999
  1922   151       -3.403948  0.999
  1923   151       -3.409923  1.000
  1924   151       -3.416647  0.999
  1925   161       -3.092286  0.998
  1926   168       -2.820109  1.000
  1927   149       -3.465913  0.999
  1928   151       -3.437063  0.998
  1929   151       -3.441923  0.996
  1930   141       -3.821162  1.000
  1931   159       -3.193016  0.999
  1932   159       -3.199979  1.000
  1933   151       -3.454556  0.999
  1934   151       -3.456262  1.000
  1935   151       -3.458116  1.000
  1936   151       -3.461563  0.996
  1937   159       -3.221632  0.999
  1938   152       -3.441891  0.999
  1939   152       -3.441995  0.999
  1940   150       -3.491251  0.999
  1941   160       -3.206219  0.999
  1942   140       -3.900802  0.999
  1943   162       -3.106547  0.998
  1944   151       -3.475907  0.999
  1945   140       -3.900267  1.000
  1946   171       -2.506238  1.001
  1947   151       -3.475353  1.002
  1948   152       -3.456178  1.001
  1949   156       -3.354726  1.002
  1950   151       -3.475511  1.000
  1951   148       -3.553457  0.999
  1952   171       -2.550459  0.999
  1953   145       -3.645936  0.999
  1954   160       -3.193560  0.998
  1955   150       -3.513142  1.000
  1956   150       -3.519012  1.000
  1957   150       -3.524391  0.999
  1958   155       -3.317795  1.003
  1959   163       -3.077290  1.000
  1960   151       -3.471256  1.000
  1961   158       -3.259749  0.999
  1962   163       -3.079632  1.000
  1963   149       -3.569761  1.001
  1964   163       -3.077163  1.001
  1965   163       -3.073830  1.000
  1966   160       -3.177473  1.000
  1967   163       -3.063737  0.999
  1968   163       -3.057652  0.999
  1969   152       -3.414882  0.999
  1970   159       -3.190273  0.997
  1971   152       -3.412206  0.999
  1972   146       -3.659294  1.000
  1973   144       -3.705023  0.999
  1974   164       -2.987011  1.002
  1975   176       -2.136004  1.001
  1976   145       -3.655222  0.999
  1977   174       -2.315961  0.999
  1978   150       -3.425342  1.000
  1979   150       -3.423065  1.000
  1980   146       -3.602461  1.000
  1981   153       -3.322473  1.000
  1982   146       -3.599257  1.000
  1983   167       -2.772563  1.000
  1984   175       -2.249296  1.000
  1985   176       -2.077015  1.001
  1986   147       -3.600865  1.001
  1987   164       -2.936166  0.998
  1988   147       -3.619185  1.000
  1989   176       -2.143797  0.998
  1990   165       -2.903042  1.001
  1991   153       -3.387236  0.999
  1992   148       -3.518675  0.997
  1993   154       -3.375436  1.000
  1994   149       -3.512411  1.001
  1995   150       -3.502203  0.999
  1996   147       -3.587119  1.000
  1997   147       -3.603486  0.999
  1998   149       -3.551027  1.002
  1999   147       -3.624578  1.000
  2000   160       -3.188823  1.000
