0.309960476	7.10E-03
0.310348412	7.21E-03
0.310737319	7.37E-03
0.311127203	7.43E-03
0.311518066	7.39E-03
0.311909913	7.51E-03
0.312302747	7.68E-03
0.312696571	7.81E-03
0.31309139	7.75E-03
0.313487207	7.72E-03
0.313884026	7.63E-03
0.314281852	7.54E-03
0.314680686	7.40E-03
0.315080535	7.35E-03
0.315481401	7.05E-03
0.315883288	6.85E-03
0.3162862	6.95E-03
0.316690142	6.99E-03
0.317095116	7.14E-03
0.317501128	7.93E-03
0.317908181	7.93E-03
0.318316278	7.48E-03
0.318725425	6.88E-03
0.319135625	6.77E-03
0.319546883	6.53E-03
0.319959201	6.76E-03
0.320372585	7.36E-03
0.320787039	8.10E-03
0.321202566	7.99E-03
0.321619171	8.51E-03
0.322036858	8.83E-03
0.322455632	8.78E-03
0.322875496	8.98E-03
0.323296455	7.69E-03
0.323718513	9.59E-03
0.324141674	9.51E-03
0.324565944	9.66E-03
0.324991325	7.76E-03
0.325417823	8.25E-03
0.325845441	9.30E-03
0.326274185	9.86E-03
0.326704059	8.87E-03
0.327135067	7.76E-03
0.327567214	8.81E-03
0.328000504	9.57E-03
0.328434942	9.05E-03
0.328870532	9.12E-03
0.329307279	8.55E-03
0.329745187	8.86E-03
0.330184262	8.99E-03
0.330624508	9.29E-03
0.331065929	1.03E-02
0.331508531	8.85E-03
0.331952317	8.58E-03
0.332397293	9.27E-03
0.332843464	1.07E-02
0.333290834	1.04E-02
0.333739409	9.23E-03
0.334189193	9.36E-03
0.33464019	1.08E-02
0.335092407	1.09E-02
0.335545847	1.01E-02
0.336000516	9.69E-03
0.336456419	9.44E-03
0.336913561	8.33E-03
0.337371947	4.83E-03
0.337831582	7.90E-03
0.33829247	1.03E-02
0.338754619	1.09E-02
0.339218031	1.10E-02
0.339682714	1.01E-02
0.340148671	1.06E-02
0.340615908	1.15E-02
0.34108443	1.03E-02
0.341554244	9.96E-03
0.342025353	1.02E-02
0.342497764	1.16E-02
0.342971481	9.47E-03
0.343446511	9.48E-03
0.343922858	1.04E-02
0.344400529	1.03E-02
0.344879528	9.67E-03
0.345359862	9.45E-03
0.345841535	9.17E-03
0.346324554	1.02E-02
0.346808924	8.64E-03
0.347294651	8.34E-03
0.34778174	1.09E-02
0.348270198	1.08E-02
0.348760029	9.06E-03
0.349251241	1.05E-02
0.349743838	9.54E-03
0.350237826	9.03E-03
0.350733212	9.46E-03
0.351230001	1.11E-02
0.3517282	1.14E-02
0.352227814	1.21E-02
0.352728849	1.15E-02
0.353231312	1.20E-02
0.353735208	1.18E-02
0.354240544	1.19E-02
0.354747326	1.23E-02
0.35525556	1.04E-02
0.355765252	1.21E-02
0.356276409	1.12E-02
0.356789037	1.09E-02
0.357303142	1.23E-02
0.357818731	9.82E-03
0.35833581	1.25E-02
0.358854386	8.31E-03
0.359374465	1.12E-02
0.359896054	1.13E-02
0.360419158	8.03E-03
0.360943786	1.16E-02
0.361469943	8.69E-03
0.361997636	1.00E-02
0.362526873	1.32E-02
0.363057659	7.28E-03
0.363590001	7.08E-03
0.364123907	4.46E-03
0.364659384	1.25E-02
0.365196437	9.55E-03
0.365735075	9.86E-03
0.366275304	7.49E-03
0.366817131	5.11E-03
0.367360564	8.46E-03
0.36790561	3.94E-03
0.368452275	7.19E-03
0.369000567	5.24E-03
0.369550493	3.63E-03
0.370102061	8.03E-03
0.370655278	3.54E-03
0.371210151	3.46E-03
0.371766688	9.07E-03
0.372324896	4.66E-03
0.372884783	3.52E-03
0.373446357	6.00E-05
0.374009624	1.61E-05
0.374574593	3.92E-03
0.375141272	3.94E-03
0.375709668	1.78E-03
0.376279789	1.22E-03
0.376851643	8.76E-03
0.377425237	1.11E-02
0.378000581	2.86E-03
0.378577681	5.93E-03
0.379156546	1.22E-03
0.379737184	2.45E-03
0.380319603	1.22E-03
0.380903811	9.94E-03
0.381489817	2.61E-03
0.382077628	7.34E-04
0.382667254	3.75E-03
0.383258703	7.29E-03
0.383851983	3.41E-04
0.384447102	1.99E-04
0.38504407	1.61E-03
0.385642894	4.98E-04
0.386243584	1.36E-04
0.386846148	3.10E-04
0.387450595	4.38E-04
0.388056934	2.69E-03
0.388665174	4.24E-03
0.389275323	8.08E-03
0.389887391	1.06E-02
0.390501387	9.23E-03
0.39111732	1.25E-02
0.391735199	1.40E-02
0.392355033	9.23E-03
0.392976832	5.64E-03
0.393600605	6.67E-03
0.394226361	3.25E-03
0.39485411	3.32E-03
0.395483861	1.14E-02
0.396115624	5.76E-03
0.396749409	3.03E-03
0.397385226	9.82E-03
0.398023083	2.27E-03
0.398662992	8.46E-04
0.399304961	9.22E-04
0.399949001	4.40E-03
0.400595123	6.55E-04
0.401243335	2.38E-03
0.401893648	1.77E-03
0.402546073	3.62E-03
0.403200619	6.02E-03
0.403857298	1.75E-03
0.404516119	2.91E-03
0.405177093	6.30E-03
0.405840231	2.89E-04
0.406505542	1.03E-03
0.407173039	4.21E-03
0.407842732	2.02E-03
0.408514631	2.50E-03
0.409188747	6.08E-03
0.409865092	7.50E-03
0.410543677	6.34E-04
0.411224512	5.56E-03
0.411907609	6.85E-03
0.41259298	2.89E-03
0.413280635	7.85E-03
0.413970586	4.28E-03
0.414662844	1.03E-02
0.415357422	6.96E-03
0.41605433	1.34E-03
0.416753581	8.54E-04
0.417455187	3.52E-04
0.418159158	7.44E-03
0.418865508	4.60E-03
0.419574248	2.34E-03
0.420285391	5.23E-03
0.420998949	1.45E-03
0.421714933	1.63E-03
0.422433358	6.49E-03
0.423154234	5.89E-03
0.423877574	1.08E-03
0.424603392	2.89E-03
0.4253317	1.26E-03
0.42606251	2.72E-03
0.426795836	1.11E-04
0.427531691	8.12E-04
0.428270088	2.66E-03
0.42901104	1.86E-04
0.42975456	4.53E-04
0.430500661	2.47E-04
0.431249358	3.92E-04
0.432000664	6.31E-06
0.432754591	1.68E-04
0.433511155	2.54E-05
0.434270369	4.49E-07
0.435032247	1.16E-06
0.435796803	4.06E-05
0.436564051	1.96E-07
0.437334005	2.13E-10
0.43810668	3.90E-06
0.43888209	1.76E-07
0.43966025	2.05E-11
0.440441174	2.87E-10
0.441224877	4.02E-10
0.442011374	6.75E-14
0.44280068	1.65E-12
0.44359281	3.62E-16
0.444387779	1.22E-16
0.445185603	3.89E-27
0.445986297	4.81E-34
0.446789875	4.00E-38
0.447596355	8.38E-24
0.448405752	2.68E-27
0.449218081	0.00E+00
0.450033359	6.73E-44
0.450851602	1.66E-28
0.451672825	1.31E-23
0.452497045	2.33E-27
0.453324279	5.49E-21
0.454154544	6.07E-19
0.454987855	7.29E-22
0.45582423	5.61E-45
0.456663685	3.86E-26
0.457506238	1.13E-35
0.458351905	2.93E-42
0.459200705	0.00E+00
0.460052655	7.13E-33
0.460907771	1.02E-29
0.461766072	0.00E+00
0.462627576	0.00E+00
0.463492301	0.00E+00
0.464360264	0.00E+00
0.465231484	1.11E-37
0.466105979	2.61E-25
0.466983768	1.31E-27
0.46786487	1.43E-19
0.468749302	9.00E-19
0.469637085	1.18E-16
0.470528237	3.90E-16
0.471422777	2.80E-45
0.472320725	3.87E-28
0.473222101	5.65E-29
0.474126923	1.12E-37
0.475035212	5.94E-34
0.475946988	5.81E-35
0.476862271	4.49E-28
0.477781081	2.28E-33
0.478703438	5.48E-31
0.479629363	1.72E-34
0.480558878	3.82E-22
0.481492002	1.08E-27
0.482428757	1.53E-18
0.483369163	1.60E-14
0.484313244	3.10E-11
0.485261019	1.04E-09
0.486212511	2.82E-13
0.487167742	5.38E-11
0.488126734	3.77E-07
0.489089509	1.75E-07
0.490056089	6.36E-07
0.491026497	4.14E-05
0.492000756	3.71E-04
0.492978888	5.19E-04
0.493960918	2.22E-03
0.494946868	1.52E-03
0.495936762	7.06E-03
0.496930623	2.88E-03
0.497928476	3.51E-03
0.498930344	5.61E-03
0.499936252	8.04E-03
0.500946224	1.65E-02
0.501960285	1.67E-02
0.50297846	2.41E-02
0.504000774	3.34E-02
0.505027252	2.49E-02
0.50605792	1.36E-02
0.507092803	2.08E-02
0.508131928	4.32E-02
0.50917532	1.49E-02
0.510223006	4.51E-02
0.511275012	3.31E-02
0.512331365	2.66E-02
0.513392093	2.73E-02
0.514457222	3.38E-02
0.515526779	3.36E-02
0.516600793	4.42E-02
0.517679292	4.06E-02
0.518762303	3.71E-02
0.519849855	3.08E-02
0.520941977	4.26E-02
0.522038697	4.41E-02
0.523140044	3.08E-02
0.524246048	4.94E-02
0.525356739	5.02E-02
0.526472146	4.75E-02
0.5275923	4.15E-02
0.52871723	5.14E-02
0.529846968	4.58E-02
0.530981544	5.80E-02
0.532120989	5.68E-02
0.533265335	5.62E-02
0.534414614	5.20E-02
0.535568857	5.81E-02
0.536728097	6.39E-02
0.537892366	5.92E-02
0.539061698	5.88E-02
0.540236124	6.13E-02
0.541415679	6.32E-02
0.542600396	6.31E-02
0.543790309	6.63E-02
0.544985452	6.40E-02
0.546185861	6.49E-02
0.547391569	6.81E-02
0.548602613	6.69E-02
0.549819026	6.77E-02
0.551040846	7.19E-02
0.552268109	7.08E-02
0.55350085	7.31E-02
0.554739107	7.43E-02
0.555982917	7.58E-02
0.557232317	7.55E-02
0.558487344	7.77E-02
0.559748038	7.63E-02
0.561014436	7.93E-02
0.562286578	7.40E-02
0.563564502	7.12E-02
0.564848248	7.90E-02
0.566137856	7.91E-02
0.567433366	7.46E-02
0.568734818	8.18E-02
0.570042255	8.04E-02
0.571355716	8.20E-02
0.572675244	7.63E-02
0.574000882	8.42E-02
0.57533267	8.48E-02
0.576670653	8.46E-02
0.578014874	8.95E-02
0.579365376	9.08E-02
0.580722203	9.00E-02
0.582085401	8.98E-02
0.583455014	8.86E-02
0.584831087	8.76E-02
0.586213666	9.17E-02
0.587602798	8.97E-02
0.588998529	9.32E-02
0.590400907	8.61E-02
0.591809978	8.97E-02
0.593225792	8.91E-02
0.594648395	8.51E-02
0.596077839	8.68E-02
0.597514171	7.74E-02
0.598957442	6.57E-02
0.600407702	6.19E-02
0.601865002	6.92E-02
0.603329394	5.49E-02
0.604800929	6.79E-02
0.60627966	9.11E-02
0.607765639	8.98E-02
0.609258921	9.64E-02
0.610759559	8.49E-02
0.612267607	7.40E-02
0.613783121	4.50E-02
0.615306156	2.66E-02
0.616836768	3.97E-02
0.618375015	1.50E-02
0.619920952	3.82E-02
0.621474639	8.12E-02
0.623036133	8.56E-02
0.624605493	8.31E-02
0.62618278	7.55E-02
0.627768053	6.79E-02
0.629361373	4.88E-02
0.630962801	2.86E-02
0.6325724	2.19E-02
0.634190232	1.00E-02
0.635816361	1.67E-02
0.637450851	1.09E-02
0.639093765	3.28E-03
0.64074517	3.59E-03
0.642405132	5.52E-04
0.644073717	9.36E-04
0.645750992	4.51E-04
0.647437026	1.99E-05
0.649131887	2.30E-05
0.650835645	5.67E-07
0.652548371	8.62E-07
0.654270134	1.29E-04
0.656001008	2.23E-04
0.657741063	4.39E-05
0.659490375	7.75E-05
0.661249016	4.51E-10
0.663017061	2.67E-10
0.664794587	1.70E-05
0.666581669	1.12E-05
0.668378385	2.84E-07
0.670184813	3.00E-06
0.672001032	6.27E-06
0.673827122	6.27E-08
0.675663163	6.42E-06
0.677509237	5.20E-06
0.679365427	1.27E-03
0.681231816	9.88E-04
0.683108487	3.28E-03
0.684995527	9.69E-03
0.686893022	1.48E-02
0.688801058	3.18E-02
0.690719724	4.69E-02
0.692649109	8.89E-02
0.694589302	7.70E-02
0.696540396	1.01E-01
0.698502481	1.15E-01
0.700475652	1.42E-01
0.702460002	1.33E-01
0.704455627	1.60E-01
0.706462624	1.53E-01
0.708481088	1.66E-01
0.71051112	1.55E-01
0.712552819	1.68E-01
0.714606285	1.62E-01
0.716671621	1.74E-01
0.71874893	1.78E-01
0.720838316	1.87E-01
0.722939886	1.90E-01
0.725053745	1.88E-01
0.727180003	1.98E-01
0.728461753	2.04E-01
0.729318767	2.00E-01
0.729748031	2.06E-01
0.7301778	2.07E-01
0.730608076	1.81E-01
0.731038859	2.09E-01
0.73147015	2.10E-01
0.731901951	2.05E-01
0.732334261	2.11E-01
0.732767083	2.07E-01
0.733200417	1.93E-01
0.733634263	2.05E-01
0.734068623	2.07E-01
0.734503498	2.10E-01
0.734938888	2.05E-01
0.735374795	2.10E-01
0.735811219	2.13E-01
0.736248162	1.98E-01
0.736685623	2.09E-01
0.737123605	2.04E-01
0.737562108	1.94E-01
0.738001134	2.06E-01
0.738440682	2.13E-01
0.738880753	2.09E-01
0.73932135	2.12E-01
0.739762473	2.11E-01
0.740204122	2.14E-01
0.740646299	2.16E-01
0.741089004	2.16E-01
0.741532239	2.11E-01
0.741976005	2.19E-01
0.742420302	2.22E-01
0.742865131	2.15E-01
0.743310494	2.15E-01
0.743756391	2.11E-01
0.744202824	1.79E-01
0.744649792	2.12E-01
0.745097298	2.21E-01
0.745545342	2.22E-01
0.745993926	2.19E-01
0.746443049	2.24E-01
0.746892713	2.23E-01
0.74734292	2.21E-01
0.74779367	2.25E-01
0.748244963	2.22E-01
0.748696802	2.21E-01
0.749149187	2.22E-01
0.749602119	2.16E-01
0.750055598	2.23E-01
0.750509627	2.24E-01
0.750964206	2.09E-01
0.751419336	2.25E-01
0.751875018	2.19E-01
0.752331253	2.17E-01
0.752788041	2.28E-01
0.753245385	2.17E-01
0.753703285	2.18E-01
0.754161742	2.24E-01
0.754620757	2.15E-01
0.755080331	2.21E-01
0.755540466	2.20E-01
0.756001161	2.15E-01
0.756462419	2.20E-01
0.75692424	2.20E-01
0.757386625	2.27E-01
0.757849575	2.35E-01
0.758313091	2.34E-01
0.758777175	2.33E-01
0.759241828	2.33E-01
0.759707049	2.38E-01
0.760172841	2.38E-01
0.760639205	2.37E-01
0.761106141	2.41E-01
0.761573651	2.41E-01
0.762041736	2.41E-01
0.762510396	2.40E-01
0.762979633	2.38E-01
0.763449448	2.43E-01
0.763919842	2.42E-01
0.764390816	2.38E-01
0.764862372	2.34E-01
0.765334509	2.34E-01
0.765807229	2.41E-01
0.766280534	2.44E-01
0.766754424	2.35E-01
0.767228901	2.31E-01
0.767703966	2.41E-01
0.768179619	2.38E-01
0.768655861	2.37E-01
0.769132695	2.31E-01
0.769610121	2.27E-01
0.770088139	2.18E-01
0.770566752	2.27E-01
0.77104596	2.30E-01
0.771525765	2.33E-01
0.772006167	2.41E-01
0.772487168	2.37E-01
0.772968768	2.28E-01
0.77345097	2.24E-01
0.773933773	2.24E-01
0.774417179	2.23E-01
0.77490119	2.38E-01
0.775385806	2.42E-01
0.775871029	2.54E-01
0.776356859	2.47E-01
0.776843298	2.45E-01
0.777330348	2.58E-01
0.777818008	2.56E-01
0.77830628	2.58E-01
0.778795166	2.52E-01
0.779284666	2.42E-01
0.779774783	2.42E-01
0.780265516	2.32E-01
0.780756867	2.51E-01
0.781248837	2.53E-01
0.781741428	2.56E-01
0.78223464	2.59E-01
0.782728475	2.49E-01
0.783222934	2.48E-01
0.783718018	2.42E-01
0.784213728	2.49E-01
0.784710066	2.45E-01
0.785207032	2.37E-01
0.785704629	2.35E-01
0.786202856	2.16E-01
0.786701716	2.47E-01
0.787201209	2.40E-01
0.787701337	2.41E-01
0.788202101	2.34E-01
0.788703501	2.38E-01
0.789205541	2.35E-01
0.789708219	2.42E-01
0.790211539	2.55E-01
0.7907155	2.57E-01
0.791220105	2.63E-01
0.791725354	2.62E-01
0.792231249	2.67E-01
0.79273779	2.63E-01
0.79324498	2.67E-01
0.79375282	2.68E-01
0.79426131	2.70E-01
0.794770451	2.66E-01
0.795280247	2.68E-01
0.795790696	2.68E-01
0.796301801	2.71E-01
0.796813563	2.63E-01
0.797325983	2.68E-01
0.797839063	2.65E-01
0.798352804	2.71E-01
0.798867206	2.72E-01
0.799382272	2.71E-01
0.799898003	2.70E-01
0.800414399	2.73E-01
0.800931463	2.67E-01
0.801449195	2.73E-01
0.801967597	2.75E-01
0.802486669	2.77E-01
0.803006415	2.72E-01
0.803526834	2.72E-01
0.804047928	2.69E-01
0.804569698	2.69E-01
0.805092146	2.65E-01
0.805615272	2.73E-01
0.80613908	2.72E-01
0.806663568	2.73E-01
0.80718874	2.75E-01
0.807714596	2.67E-01
0.808241137	2.69E-01
0.808768365	2.77E-01
0.809296282	2.78E-01
0.809824889	2.70E-01
0.810354186	2.55E-01
0.810884175	2.72E-01
0.811414859	2.79E-01
0.811946237	2.62E-01
0.812478312	2.67E-01
0.813011085	2.59E-01
0.813544557	2.75E-01
0.814078729	2.80E-01
0.814613603	2.64E-01
0.815149181	2.75E-01
0.815685463	2.65E-01
0.816222452	2.44E-01
0.816760148	2.52E-01
0.817298553	2.49E-01
0.817837668	2.57E-01
0.818377495	2.66E-01
0.818918035	2.26E-01
0.819459289	2.42E-01
0.820001259	2.61E-01
0.820543947	2.65E-01
0.821087354	2.71E-01
0.821631481	1.87E-01
0.822176329	2.43E-01
0.822721901	2.55E-01
0.823268197	2.58E-01
0.823815219	1.84E-01
0.824362968	1.60E-01
0.824911447	1.85E-01
0.825460655	2.34E-01
0.826010596	2.66E-01
0.82656127	2.51E-01
0.827112678	2.18E-01
0.827664823	1.90E-01
0.828217705	2.29E-01
0.828771326	1.69E-01
0.829325689	1.83E-01
0.829880793	2.04E-01
0.830436641	1.82E-01
0.830993233	1.64E-01
0.831550573	1.98E-01
0.832108661	1.75E-01
0.832667498	1.90E-01
0.833227086	9.42E-02
0.833787427	6.06E-02
0.834348522	1.23E-01
0.834910373	1.25E-01
0.835472981	1.37E-01
0.836036348	1.49E-01
0.836600475	5.85E-02
0.837165364	1.15E-01
0.837731016	6.06E-02
0.838297434	1.20E-01
0.838864617	6.35E-02
0.839432569	6.97E-02
0.84000129	6.88E-02
0.840570783	1.85E-01
0.841141048	9.73E-02
0.841712087	7.02E-02
0.842283902	4.68E-02
0.842856495	1.78E-02
0.843429867	4.97E-02
0.844004019	9.48E-02
0.844578954	7.69E-02
0.845154672	3.61E-02
0.845731176	6.52E-02
0.846308467	9.34E-02
0.846886547	1.52E-01
0.847465416	4.32E-02
0.848045078	1.31E-01
0.848625533	9.03E-02
0.849206784	8.54E-02
0.849788831	1.63E-01
0.850371676	1.36E-01
0.850955322	1.17E-01
0.851539769	8.85E-02
0.85212502	6.62E-02
0.852711076	1.38E-01
0.853297938	8.20E-02
0.853885609	6.24E-02
0.85447409	1.13E-02
0.855063382	2.74E-02
0.855653488	1.02E-01
0.856244409	1.16E-01
0.856836147	3.62E-02
0.857428703	2.31E-02
0.858022079	4.98E-02
0.858616277	6.18E-02
0.859211299	4.51E-02
0.859807146	3.63E-02
0.86040382	3.18E-02
0.861001322	3.96E-02
0.861599656	5.10E-02
0.862198821	1.33E-02
0.86279882	2.99E-02
0.863399655	3.84E-02
0.864001327	2.14E-02
0.864603838	2.10E-02
0.865207191	3.58E-02
0.865811386	2.52E-03
0.866416425	5.02E-02
0.867022311	6.16E-02
0.867629044	3.80E-02
0.868236628	4.56E-03
0.868845063	4.95E-02
0.869454351	2.78E-02
0.870064494	2.59E-02
0.870675495	1.70E-02
0.871287354	9.22E-03
0.871900073	4.63E-02
0.872513655	9.16E-03
0.873128102	8.27E-03
0.873743414	2.14E-03
0.874359594	1.36E-02
0.874976644	1.18E-02
0.875594565	3.56E-02
0.87621336	1.84E-04
0.87683303	3.64E-04
0.877453577	2.34E-02
0.878075003	2.64E-03
0.87869731	2.11E-03
0.8793205	4.67E-04
0.879944574	6.19E-04
0.880569534	1.65E-03
0.881195383	1.75E-04
0.881822123	2.04E-03
0.882449754	3.64E-07
0.883078279	7.39E-04
0.883707701	2.38E-03
0.88433802	1.84E-03
0.884969239	1.05E-08
0.88560136	3.25E-09
0.886234385	8.12E-04
0.886868315	1.27E-03
0.887503153	4.91E-05
0.8881389	6.32E-09
0.888775559	6.71E-07
0.889413131	7.55E-05
0.890051618	1.16E-04
0.890691023	2.38E-05
0.891331347	3.44E-04
0.891972593	4.93E-04
0.892614762	5.81E-04
0.893257856	4.03E-06
0.893901878	1.99E-04
0.894546829	2.52E-06
0.895192711	2.09E-06
0.895839526	6.17E-07
0.896487277	4.40E-08
0.897135965	2.57E-06
0.897785593	2.37E-06
0.898436163	8.16E-05
0.899087675	5.22E-05
0.899740134	1.11E-03
0.90039354	1.23E-04
0.901047896	2.57E-04
0.901703203	3.23E-04
0.902359465	1.79E-04
0.903016682	4.44E-05
0.903674857	2.75E-06
0.904333993	1.97E-08
0.904994091	2.92E-07
0.905655153	5.17E-07
0.906317182	1.48E-13
0.906980179	4.98E-06
0.907644147	1.28E-05
0.908309087	9.08E-12
0.908975003	1.36E-06
0.909641896	3.16E-06
0.910309768	1.81E-11
0.910978622	4.81E-09
0.911648459	2.14E-06
0.912319282	7.34E-07
0.912991093	4.19E-06
0.913663894	7.18E-05
0.914337688	4.81E-05
0.915012476	3.60E-06
0.91568826	2.90E-04
0.916365044	9.61E-05
0.917042829	1.52E-03
0.917721617	4.63E-03
0.918401411	1.60E-02
0.919082212	1.62E-02
0.919764024	4.75E-03
0.920446848	6.01E-02
0.921130687	5.82E-02
0.921815542	1.09E-01
0.922501417	7.56E-02
0.923188313	1.27E-01
0.923876233	1.78E-01
0.924565178	1.70E-01
0.925255152	1.68E-01
0.925946157	1.77E-01
0.926638195	1.78E-01
0.927331267	1.65E-01
0.928025377	1.83E-01
0.928720528	2.31E-01
0.92941672	1.69E-01
0.930113957	2.03E-01
0.93081224	1.46E-01
0.931511573	1.45E-01
0.932211958	2.29E-01
0.932913397	1.78E-01
0.933615892	2.35E-01
0.934319446	2.66E-01
0.935024061	2.81E-01
0.935729739	3.22E-01
0.936436484	2.62E-01
0.937144297	2.33E-01
0.93785318	3.02E-01
0.938563137	2.99E-01
0.93927417	2.59E-01
0.939986281	2.69E-01
0.940699472	3.33E-01
0.941413747	3.12E-01
0.942129107	3.24E-01
0.942845555	2.86E-01
0.943563093	2.88E-01
0.944281725	3.14E-01
0.945001451	3.33E-01
0.945722276	3.34E-01
0.946444202	3.01E-01
0.94716723	3.84E-01
0.947891364	3.47E-01
0.948616606	3.06E-01
0.949342959	3.85E-01
0.950070425	3.84E-01
0.950799006	3.01E-01
0.951528706	3.46E-01
0.952259527	3.92E-01
0.952991471	3.62E-01
0.953724542	3.53E-01
0.954458741	4.09E-01
0.955194071	3.92E-01
0.955930535	3.71E-01
0.956668136	3.90E-01
0.957406876	4.05E-01
0.958146758	4.04E-01
0.958887784	4.13E-01
0.959629957	3.96E-01
0.96037328	4.18E-01
0.961117755	4.13E-01
0.961863386	4.09E-01
0.962610174	4.20E-01
0.963358123	4.22E-01
0.964107235	4.27E-01
0.964857513	4.24E-01
0.96560896	4.21E-01
0.966361578	4.07E-01
0.96711537	3.73E-01
0.967870339	4.13E-01
0.968626488	4.22E-01
0.969383819	4.25E-01
0.970142335	4.28E-01
0.970902039	4.20E-01
0.971662934	4.17E-01
0.972425023	4.12E-01
0.973188308	4.06E-01
0.973952792	4.06E-01
0.974718478	4.09E-01
0.975485369	4.08E-01
0.976253468	3.87E-01
0.977022777	2.47E-01
0.9777933	3.71E-01
0.978565039	3.88E-01
0.979337997	3.85E-01
0.980112177	3.96E-01
0.980887583	3.71E-01
0.981664216	4.00E-01
0.982442079	3.96E-01
0.983221177	4.11E-01
0.984001511	4.31E-01
0.984783085	4.27E-01
0.985565902	4.45E-01
0.986349964	4.35E-01
0.987135274	4.40E-01
0.987921836	4.51E-01
0.988709653	4.44E-01
0.989498727	4.48E-01
0.990289061	4.51E-01
0.991080659	4.53E-01
0.991873523	4.57E-01
0.992667658	4.60E-01
0.993463064	4.59E-01
0.994259747	4.57E-01
0.995057708	4.59E-01
0.995856951	4.57E-01
0.996657479	4.55E-01
0.997459296	4.58E-01
0.998262403	4.62E-01
0.999066804	4.62E-01
0.999872503	4.61E-01
1.000679503	4.63E-01
1.001487806	4.68E-01
1.002297417	4.63E-01
1.003108337	4.69E-01
1.00392057	4.65E-01
1.00473412	4.70E-01
1.00554899	4.54E-01
1.006365182	4.66E-01
1.0071827	4.72E-01
1.008001548	4.60E-01
1.008821728	4.67E-01
1.009643245	4.67E-01
1.0104661	4.33E-01
1.011290297	4.68E-01
1.01211584	4.62E-01
1.012942732	4.48E-01
1.013770977	4.44E-01
1.014600576	4.51E-01
1.015431535	4.65E-01
1.016263856	4.58E-01
1.017097543	4.47E-01
1.017932598	4.59E-01
1.018769026	4.55E-01
1.019606829	4.66E-01
1.020446012	4.28E-01
1.021286577	4.34E-01
1.022128528	4.70E-01
1.022971868	4.25E-01
1.023816601	4.22E-01
1.024662731	4.53E-01
1.02551026	4.14E-01
1.026359192	4.33E-01
1.027209531	4.30E-01
1.028061281	4.81E-01
1.028914443	4.37E-01
1.029769024	3.62E-01
1.030625024	4.34E-01
1.03148245	4.37E-01
1.032341303	4.37E-01
1.033201587	4.48E-01
1.034063306	3.65E-01
1.034926464	4.34E-01
1.035791065	4.77E-01
1.036657111	4.31E-01
1.037524606	4.47E-01
1.038393555	4.69E-01
1.03926396	4.54E-01
1.040135826	4.73E-01
1.041009156	4.47E-01
1.041883953	4.62E-01
1.042760222	4.16E-01
1.043637967	3.35E-01
1.04451719	4.56E-01
1.045397896	4.77E-01
1.046280088	4.07E-01
1.047163771	4.20E-01
1.048048947	4.39E-01
1.048935621	3.23E-01
1.049823797	4.55E-01
1.050713478	4.41E-01
1.051604669	4.84E-01
1.052497372	3.60E-01
1.053391592	4.72E-01
1.054287334	4.77E-01
1.055184599	4.52E-01
1.056083394	3.37E-01
1.056983721	4.56E-01
1.057885584	4.55E-01
1.058788987	4.48E-01
1.059693935	4.59E-01
1.060600431	4.23E-01
1.06150848	4.20E-01
1.062418084	4.10E-01
1.063329249	3.75E-01
1.064241978	3.89E-01
1.065156275	4.02E-01
1.066072145	4.69E-01
1.066989591	3.50E-01
1.067908617	3.48E-01
1.068829228	2.86E-01
1.069751427	3.37E-01
1.07067522	3.12E-01
1.071600609	3.15E-01
1.072527599	2.81E-01
1.073456194	3.13E-01
1.074386399	1.42E-01
1.075318217	2.38E-01
1.076251653	2.48E-01
1.077186711	2.03E-01
1.078123395	1.22E-01
1.07906171	2.19E-01
1.080001659	2.71E-01
1.080943247	5.92E-02
1.081886478	1.58E-01
1.082831357	1.46E-01
1.083777888	1.13E-01
1.084726076	3.12E-01
1.085675923	2.25E-01
1.086627436	1.93E-01
1.087580618	2.56E-01
1.088535473	2.99E-01
1.089492007	2.03E-01
1.090450224	2.88E-01
1.091410127	1.29E-01
1.092371722	1.55E-02
1.093335013	4.17E-02
1.094300004	1.53E-01
1.0952667	2.34E-01
1.096235105	2.96E-01
1.097205225	7.06E-02
1.098177063	1.06E-01
1.099150624	9.92E-02
1.100125913	1.57E-01
1.101102935	5.16E-02
1.102081693	1.44E-01
1.103062192	1.09E-01
1.104044438	1.28E-01
1.105028435	8.17E-02
1.106014188	1.86E-01
1.1070017	1.42E-01
1.107990978	1.13E-01
1.108982025	2.18E-01
1.109974847	7.96E-02
1.110969448	2.01E-01
1.111965833	2.50E-01
1.112964007	3.00E-01
1.113963975	2.69E-01
1.114965741	4.14E-01
1.115969311	3.32E-01
1.116974689	4.79E-01
1.117981879	4.13E-01
1.118990888	4.16E-01
1.12000172	4.83E-01
1.12101438	3.98E-01
1.122028873	5.06E-01
1.123045203	4.68E-01
1.124063377	4.66E-01
1.125083398	4.69E-01
1.126105272	4.97E-01
1.127129004	4.86E-01
1.128154599	5.08E-01
1.129182062	5.03E-01
1.130211399	5.79E-01
1.131242613	5.03E-01
1.132275712	5.21E-01
1.133310699	5.40E-01
1.134347579	5.11E-01
1.135386359	5.81E-01
1.136427043	5.88E-01
1.137469637	5.56E-01
1.138514145	5.79E-01
1.139560574	5.93E-01
1.140608928	5.67E-01
1.141659212	5.54E-01
1.142711433	5.93E-01
1.143765594	5.79E-01
1.144821703	5.98E-01
1.145879764	5.89E-01
1.146939782	5.81E-01
1.148001763	5.97E-01
1.149065713	6.05E-01
1.150131637	6.03E-01
1.15119954	6.04E-01
1.152269428	6.15E-01
1.153341306	5.93E-01
1.154415181	6.22E-01
1.155491057	6.04E-01
1.156568941	6.15E-01
1.157648837	6.17E-01
1.158730752	6.05E-01
1.159814691	5.86E-01
1.160900659	6.19E-01
1.161988664	6.20E-01
1.163078709	6.17E-01
1.164170802	6.29E-01
1.165264948	6.32E-01
1.166361152	6.22E-01
1.16745942	6.33E-01
1.168559759	6.21E-01
1.169662174	6.36E-01
1.170766671	6.19E-01
1.171873255	6.38E-01
1.172981934	6.45E-01
1.174092712	6.46E-01
1.175205597	6.48E-01
1.176320592	6.46E-01
1.177437706	6.49E-01
1.178556943	6.51E-01
1.17967831	6.55E-01
1.180801814	6.55E-01
1.181927459	6.59E-01
1.183055252	6.63E-01
1.1841852	6.57E-01
1.185317308	6.47E-01
1.186451583	6.65E-01
1.187588031	6.68E-01
1.188726658	6.65E-01
1.189867471	6.72E-01
1.191010475	6.72E-01
1.192155677	6.72E-01
1.193303084	6.76E-01
1.194452702	6.72E-01
1.195604536	6.75E-01
1.196758595	6.82E-01
1.197914883	6.82E-01
1.199073408	6.80E-01
1.200234176	6.76E-01
1.201397194	6.88E-01
1.202562468	6.87E-01
1.203730004	6.91E-01
1.20489981	6.86E-01
1.206071891	6.94E-01
1.207246255	6.93E-01
1.208422909	6.96E-01
1.209601858	6.98E-01
1.21078311	6.91E-01
1.211966671	6.95E-01
1.213152548	6.90E-01
1.214340749	7.02E-01
1.215531279	6.99E-01
1.216724146	6.89E-01
1.217919356	7.14E-01
1.219116917	7.03E-01
1.220316835	7.11E-01
1.221519118	7.08E-01
1.222723772	7.21E-01
1.223930804	7.18E-01
1.225140222	7.19E-01
1.226352032	7.23E-01
1.227566242	7.19E-01
1.228782859	7.20E-01
1.230001889	7.27E-01
1.231223341	7.28E-01
1.232447221	7.13E-01
1.233673537	6.82E-01
1.234902295	7.23E-01
1.236133504	7.34E-01
1.23736717	7.28E-01
1.238603301	7.44E-01
1.239841904	7.35E-01
1.241082987	7.39E-01
1.242326557	7.39E-01
1.243572622	7.40E-01
1.244821189	7.49E-01
1.246072266	7.52E-01
1.247325859	7.54E-01
1.248581978	7.37E-01
1.249840629	7.51E-01
1.251101821	7.54E-01
1.25236556	7.32E-01
1.253631855	7.49E-01
1.254900713	7.35E-01
1.256172142	7.39E-01
1.25744615	7.51E-01
1.258722745	6.88E-01
1.260001935	7.37E-01
1.261283728	6.69E-01
1.262568131	6.92E-01
1.263855152	7.13E-01
1.2651448	6.05E-01
1.266437083	6.38E-01
1.267732008	6.15E-01
1.269029585	6.39E-01
1.27032982	5.72E-01
1.271632722	5.90E-01
1.2729383	5.75E-01
1.274246561	6.06E-01
1.275557515	6.88E-01
1.276871168	7.14E-01
1.27818753	6.35E-01
1.279506609	6.86E-01
1.280828414	6.52E-01
1.282152952	5.02E-01
1.283480232	5.03E-01
1.284810264	5.04E-01
1.286143054	4.59E-01
1.287478613	5.05E-01
1.288816948	4.42E-01
1.290158069	4.61E-01
1.291501984	4.21E-01
1.292848701	3.74E-01
1.29419823	4.61E-01
1.295550579	2.71E-01
1.296905758	3.28E-01
1.298263774	3.41E-01
1.299624638	4.24E-01
1.300988357	3.44E-01
1.302354942	2.69E-01
1.3037244	4.84E-01
1.305096741	1.47E-01
1.306471975	4.94E-01
1.30785011	2.74E-01
1.309231156	3.71E-01
1.310615121	1.95E-01
1.312002015	3.68E-01
1.313391848	2.86E-01
1.314784628	2.78E-01
1.316180366	4.05E-01
1.317579069	3.72E-01
1.318980749	4.72E-01
1.320385415	3.99E-01
1.321793075	2.01E-01
1.32320374	1.63E-01
1.324617419	1.61E-01
1.326034122	2.51E-01
1.327453859	1.44E-01
1.328876639	2.48E-01
1.330302472	3.01E-01
1.331731369	4.09E-01
1.333163338	4.32E-01
1.33459839	5.51E-01
1.336036535	5.90E-01
1.337477782	7.87E-01
1.338922143	7.03E-01
1.340369626	7.11E-01
1.341820243	7.22E-01
1.343274003	7.45E-01
1.344730916	7.00E-01
1.346190993	7.80E-01
1.347654244	7.44E-01
1.349120679	7.39E-01
1.35059031	5.93E-01
1.352063145	7.30E-01
1.353539197	5.76E-01
1.355018475	6.78E-01
1.356500989	6.26E-01
1.357986752	6.28E-01
1.359475772	6.89E-01
1.360968062	6.68E-01
1.362463631	6.25E-01
1.363962491	7.04E-01
1.365464652	6.52E-01
1.366970126	6.39E-01
1.368478923	7.76E-01
1.369991054	8.17E-01
1.371506531	8.45E-01
1.373025365	6.89E-01
1.374547566	6.68E-01
1.376073146	5.99E-01
1.377602116	7.43E-01
1.379134488	5.49E-01
1.380670272	7.18E-01
1.382209481	6.66E-01
1.383752125	7.63E-01
1.385298217	8.14E-01
1.386847768	8.51E-01
1.388400789	8.73E-01
1.389957292	9.09E-01
1.391517289	9.26E-01
1.393080791	9.24E-01
1.394647811	9.35E-01
1.396218361	9.22E-01
1.397792451	9.11E-01
1.399370095	9.08E-01
1.400951304	9.44E-01
1.402536091	9.33E-01
1.404124467	9.29E-01
1.405716445	9.32E-01
1.407312037	9.09E-01
1.408911255	9.40E-01
1.410514112	9.37E-01
1.41212062	9.52E-01
1.413730792	9.56E-01
1.41534464	9.53E-01
1.416962176	9.27E-01
1.418583415	9.40E-01
1.420208367	9.57E-01
1.421837046	9.67E-01
1.423469465	9.54E-01
1.425105637	9.68E-01
1.426745575	9.50E-01
1.428389291	9.59E-01
1.430036799	9.15E-01
1.431688111	8.49E-01
1.433343242	9.63E-01
1.435002204	9.79E-01
1.436665011	1.00E+00
1.438331676	9.94E-01
1.440002212	9.87E-01
1.441676633	9.88E-01
1.443354953	9.92E-01
1.445037185	9.92E-01
1.446723342	9.92E-01
1.44841344	9.73E-01
1.45010749	9.13E-01
1.451805509	8.51E-01
1.453507508	9.65E-01
1.455213503	9.69E-01
1.456923507	9.75E-01
1.458637534	8.94E-01
1.4603556	9.86E-01
1.462077717	9.92E-01
1.463803901	9.92E-01
1.465534166	1.02E+00
1.467268526	1.02E+00
1.469006996	9.86E-01
1.47074959	1.01E+00
1.472496323	9.97E-01
1.474247211	1.01E+00
1.476002267	1.02E+00
1.477761507	1.00E+00
1.479524945	9.99E-01
1.481292598	1.01E+00
1.483064479	9.72E-01
1.484840604	1.00E+00
1.486620988	9.34E-01
1.488405647	9.57E-01
1.490194597	8.94E-01
1.491987851	9.24E-01
1.493785427	9.16E-01
1.495587339	9.29E-01
1.497393604	8.50E-01
1.499204237	9.85E-01
1.501019255	9.34E-01
1.502838672	9.69E-01
1.504662505	9.35E-01
1.506490771	6.73E-01
1.508323485	9.52E-01
1.510160663	9.98E-01
1.512002322	8.62E-01
1.513848479	9.05E-01
1.51569915	8.23E-01
1.51755435	8.52E-01
1.519414098	8.32E-01
1.52127841	8.95E-01
1.523147303	9.04E-01
1.525020793	1.01E+00
1.526898897	1.03E+00
1.528781633	1.05E+00
1.530669018	1.06E+00
1.532561068	1.05E+00
1.534457802	1.08E+00
1.536359237	1.09E+00
1.53826539	1.10E+00
1.540176279	1.05E+00
1.542091921	1.08E+00
1.544012334	1.07E+00
1.545937537	1.09E+00
1.547867546	1.08E+00
1.54980238	1.07E+00
1.551742058	1.09E+00
1.553686597	1.11E+00
1.555636015	1.09E+00
1.557590332	1.07E+00
1.559549565	1.09E+00
1.561513733	1.10E+00
1.563482855	1.09E+00
1.56545695	1.10E+00
1.567436036	1.11E+00
1.569420132	1.09E+00
1.571409258	1.13E+00
1.573403432	1.13E+00
1.575402674	1.15E+00
1.577407003	1.16E+00
1.579416439	1.16E+00
1.581431	1.15E+00
1.583450708	1.16E+00
1.585475581	1.17E+00
1.587505639	1.16E+00
1.589540903	1.16E+00
1.591581392	1.18E+00
1.593627126	1.17E+00
1.595678127	1.17E+00
1.597734413	1.18E+00
1.599796006	1.18E+00
1.601862925	1.18E+00
1.603935193	1.18E+00
1.606012829	1.18E+00
1.608095855	1.17E+00
1.610184291	1.16E+00
1.612278159	1.13E+00
1.61437748	1.11E+00
1.616482274	9.74E-01
1.618592564	8.15E-01
1.620708372	6.86E-01
1.622829718	5.39E-01
1.624956624	3.80E-01
1.627089113	6.88E-01
1.629227207	1.54E-01
1.631370927	2.66E-01
1.633520296	1.19E+00
1.635675336	1.23E+00
1.637836069	1.22E+00
1.640002519	1.22E+00
1.642174708	1.24E+00
1.644352658	1.24E+00
1.646536394	1.23E+00
1.648725937	1.23E+00
1.650921311	1.23E+00
1.653122539	1.23E+00
1.655329645	1.24E+00
1.657542653	1.24E+00
1.659761585	1.25E+00
1.661986467	1.25E+00
1.664217321	1.25E+00
1.666454172	1.25E+00
1.668697045	1.24E+00
1.670945963	1.22E+00
1.67320095	1.21E+00
1.675462033	1.22E+00
1.677729235	1.19E+00
1.68000258	1.23E+00
1.682282095	1.20E+00
1.684567805	1.21E+00
1.686859734	1.22E+00
1.689157908	1.24E+00
1.691462352	1.20E+00
1.693773093	1.15E+00
1.696090156	1.07E+00
1.698413568	1.13E+00
1.700743353	1.05E+00
1.703079539	1.04E+00
1.705422152	1.09E+00
1.707771218	1.08E+00
1.710126765	1.04E+00
1.712488818	1.06E+00
1.714857406	1.14E+00
1.717232554	1.24E+00
1.719614292	1.09E+00
1.722002645	9.86E-01
1.724397642	9.23E-01
1.72679931	1.03E+00
1.729207677	1.11E+00
1.731622771	1.27E+00
1.734044621	1.26E+00
1.736473255	1.30E+00
1.738908702	1.29E+00
1.741350989	1.31E+00
1.743800147	1.32E+00
1.746256203	1.32E+00
1.748719188	1.31E+00
1.75118913	1.30E+00
1.75366606	1.31E+00
1.756150006	1.31E+00
1.758640999	1.32E+00
1.761139069	1.31E+00
1.763644245	1.27E+00
1.766156559	1.27E+00
1.76867604	1.27E+00
1.77120272	1.28E+00
1.77373663	1.29E+00
1.7762778	1.32E+00
1.778826262	1.34E+00
1.781382046	1.27E+00
1.783945186	1.27E+00
1.786515712	1.25E+00
1.789093657	1.26E+00
1.791679052	1.27E+00
1.794271931	1.23E+00
1.796872325	1.18E+00
1.799480268	1.13E+00
1.802095791	1.12E+00
1.804718929	9.68E-01
1.807349715	1.34E+00
1.809988181	1.37E+00
1.812634363	1.37E+00
1.815288293	1.38E+00
1.817950006	1.40E+00
1.820619536	1.39E+00
1.823296918	1.40E+00
1.825982186	1.39E+00
1.828675375	1.41E+00
1.83137652	1.40E+00
1.834085657	1.41E+00
1.836802821	1.40E+00
1.839528048	1.41E+00
1.842261373	1.41E+00
1.845002834	1.40E+00
1.847752465	1.42E+00
1.850510305	1.42E+00
1.853276389	1.44E+00
1.856050755	1.42E+00
1.85883344	1.41E+00
1.861624481	1.42E+00
1.864423916	1.42E+00
1.867231784	1.40E+00
1.870048121	1.38E+00
1.872872967	1.38E+00
1.875706361	1.39E+00
1.87854834	1.40E+00
1.881398944	1.39E+00
1.884258213	1.39E+00
1.887126186	1.24E+00
1.890002903	1.19E+00
1.892888404	1.35E+00
1.895782728	1.42E+00
1.898685918	1.43E+00
1.901598013	1.39E+00
1.904519054	1.44E+00
1.907449084	1.36E+00
1.910388142	1.35E+00
1.913336272	1.40E+00
1.916293515	1.41E+00
1.919259914	1.42E+00
1.922235511	1.46E+00
1.925220348	1.45E+00
1.92821447	1.45E+00
1.931217919	1.44E+00
1.93423074	1.43E+00
1.937252975	1.43E+00
1.94028467	1.46E+00
1.943325869	1.47E+00
1.946376616	1.46E+00
1.949436956	1.41E+00
1.952506936	1.45E+00
1.9555866	1.43E+00
1.958675994	1.45E+00
1.961775165	1.36E+00
1.964884159	1.42E+00
1.968003023	1.39E+00
1.971131803	1.41E+00
1.974270548	1.36E+00
1.977419305	1.44E+00
1.980578122	1.40E+00
1.983747047	1.40E+00
1.986926129	1.41E+00
1.990115416	1.42E+00
1.993314959	1.43E+00
1.996524806	1.48E+00
1.999745007	1.47E+00
2.002975613	1.47E+00
2.006216674	1.47E+00
2.00946824	1.41E+00
2.012730364	1.43E+00
2.016003096	1.47E+00
2.019286489	1.42E+00
2.022580594	1.46E+00
2.025885465	1.48E+00
2.029201153	1.46E+00
2.032527712	1.47E+00
2.035865196	1.47E+00
2.039213658	1.49E+00
2.042573154	1.49E+00
2.045943736	1.48E+00
2.049325462	1.49E+00
2.052718385	1.49E+00
2.056122561	1.47E+00
2.059538047	1.44E+00
2.062964899	1.46E+00
2.066403174	1.48E+00
2.069852929	1.46E+00
2.073314221	1.46E+00
2.076787109	1.48E+00
2.080271652	1.47E+00
2.083767906	1.43E+00
2.087275933	1.45E+00
2.090795791	1.46E+00
2.094327541	1.44E+00
2.097871242	1.47E+00
2.101426956	1.37E+00
2.104994744	1.29E+00
2.108574667	1.49E+00
2.112166788	1.53E+00
2.115771168	1.50E+00
2.119387871	1.53E+00
2.123016959	1.54E+00
2.126658498	1.55E+00
2.13031255	1.53E+00
2.133979181	1.51E+00
2.137658456	1.50E+00
2.141350439	1.48E+00
2.145055198	1.46E+00
2.148772798	1.50E+00
2.152503306	1.47E+00
2.15624679	1.48E+00
2.160003318	1.51E+00
2.163772957	1.52E+00
2.167555777	1.51E+00
2.171351846	1.43E+00
2.175161236	1.48E+00
2.178984015	1.48E+00
2.182820254	1.52E+00
2.186670025	1.53E+00
2.1905334	1.44E+00
2.19441045	1.52E+00
2.198301249	1.51E+00
2.202205869	1.54E+00
2.206124385	1.48E+00
2.21005687	1.56E+00
2.214003401	1.47E+00
2.217964051	1.45E+00
2.221938897	1.53E+00
2.225928015	1.50E+00
2.229931483	1.54E+00
2.233949377	1.56E+00
2.237981777	1.55E+00
2.24202876	1.53E+00
2.246090406	1.57E+00
2.250166795	1.54E+00
2.254258008	1.54E+00
2.258364124	1.55E+00
2.262485227	1.50E+00
2.266621397	1.55E+00
2.270772719	1.53E+00
2.274939274	1.54E+00
2.279121148	1.58E+00
2.283318424	1.53E+00
2.287531189	1.55E+00
2.291759527	1.43E+00
2.296003527	1.48E+00
2.300263273	1.54E+00
2.304538856	1.57E+00
2.308830362	1.50E+00
2.313137881	1.62E+00
2.317461503	1.55E+00
2.321801319	1.53E+00
2.326157419	1.43E+00
2.330529895	1.60E+00
2.334918841	1.63E+00
2.339324348	1.54E+00
2.343746511	1.61E+00
2.348185425	1.54E+00
2.352641185	1.34E+00
2.357113887	1.53E+00
2.361603627	1.58E+00
2.366110504	1.59E+00
2.370634616	1.48E+00
2.375176062	1.57E+00
2.379734941	1.53E+00
2.384311354	1.52E+00
2.388905403	1.40E+00
2.39351719	1.44E+00
2.398146817	1.26E+00
2.402794388	1.55E+00
2.407460008	1.53E+00
2.412143783	1.49E+00
2.416845817	1.52E+00
2.421566219	1.62E+00
2.426305096	1.58E+00
2.431062557	1.55E+00
2.435838712	1.59E+00
2.44063367	1.52E+00
2.445447543	1.56E+00
2.450280443	1.63E+00
2.455132484	1.56E+00
2.460003778	1.46E+00
2.464894442	1.57E+00
2.46980459	1.50E+00
2.47473434	1.50E+00
2.479683809	1.55E+00
2.484653115	1.55E+00
2.489642378	1.55E+00
2.494651719	1.59E+00
2.499681259	1.57E+00
2.50473112	1.65E+00
2.509801426	1.55E+00
2.514892301	1.59E+00
2.520003871	1.49E+00
2.525136261	1.56E+00
2.530289601	1.62E+00
2.535464017	1.45E+00
2.54065964	1.54E+00
2.5458766	1.42E+00
2.551115029	1.27E+00
2.55637506	1.57E+00
2.561656827	1.57E+00
2.566960464	1.60E+00
2.572286109	1.62E+00
2.577633897	1.62E+00
2.583003967	1.62E+00
2.58839646	1.59E+00
2.593811515	1.62E+00
2.599249275	1.57E+00
2.604709883	1.56E+00
2.610193483	1.62E+00
2.61570022	1.57E+00
2.621230242	1.55E+00
2.626783696	1.61E+00
2.632360731	1.53E+00
2.637961499	1.51E+00
2.64358615	1.57E+00
2.649234838	1.56E+00
2.654907718	1.50E+00
2.660604945	1.57E+00
2.666326676	1.54E+00
2.67207307	1.55E+00
2.677844286	1.60E+00
2.683640486	1.60E+00
2.689461831	1.58E+00
2.695308488	1.53E+00
2.701180619	1.54E+00
2.707078394	1.55E+00
2.713001979	1.59E+00
2.718951545	1.57E+00
2.724927262	1.52E+00
2.730929305	1.53E+00
2.736957846	1.43E+00
2.743013063	1.55E+00
2.749095132	1.62E+00
2.755204232	1.56E+00
2.761340544	1.50E+00
2.767504251	1.51E+00
2.773695535	1.49E+00
2.779914584	1.31E+00
2.786161583	1.46E+00
2.792436721	1.41E+00
2.79874019	1.45E+00
2.805072182	1.43E+00
2.81143289	1.33E+00
2.81782251	1.35E+00
2.82424124	1.18E+00
2.830689279	1.22E+00
2.837166829	1.39E+00
2.843674092	1.37E+00
2.850211274	1.25E+00
2.856778581	1.14E+00
2.863376222	1.23E+00
2.870004408	1.32E+00
2.876663351	7.94E-01
2.883353266	8.75E-01
2.890074369	1.10E+00
2.896826879	1.18E+00
2.903611017	1.17E+00
2.910427005	1.21E+00
2.917275069	1.25E+00
2.924155435	1.21E+00
2.931068332	1.22E+00
2.938013991	1.26E+00
2.944992647	1.28E+00
2.952004534	1.12E+00
2.959049891	1.23E+00
2.966128958	1.18E+00
2.973241977	1.23E+00
2.980389193	1.26E+00
2.987570854	1.23E+00
2.994787208	1.18E+00
3.002038509	1.20E+00
3.00932501	1.25E+00
3.016646969	1.17E+00
3.024004645	1.05E+00
3.031398299	1.23E+00
3.038828197	1.15E+00
3.046294605	1.10E+00
3.053797794	1.12E+00
3.061338035	1.15E+00
3.068915605	1.18E+00
3.07653078	1.16E+00
3.084183842	1.21E+00
3.091875073	1.16E+00
3.099604761	1.11E+00
3.103484116	1.10E+00
3.107373194	1.07E+00
3.111272031	1.01E+00
3.115180664	8.52E-01
3.11909913	6.29E-01
3.123027467	4.26E-01
3.126965711	5.50E-01
3.1309139	7.57E-01
3.134872072	8.60E-01
3.138840264	8.08E-01
3.142818515	6.84E-01
3.146806864	4.96E-01
3.150805348	3.82E-01
3.154814006	4.80E-01
3.158832877	6.63E-01
3.162862001	7.95E-01
3.166901416	8.63E-01
3.170951162	8.51E-01
3.175011279	8.04E-01
3.179081806	7.97E-01
3.183162784	7.60E-01
3.187254253	6.85E-01
3.191356253	6.31E-01
3.195468826	6.36E-01
3.199592011	6.42E-01
3.203725851	6.51E-01
3.207870386	6.46E-01
3.212025659	6.21E-01
3.21619171	6.44E-01
3.220368583	6.74E-01
3.224556318	6.14E-01
3.228754959	5.10E-01
3.232964548	4.40E-01
3.237185129	4.55E-01
3.241416743	5.08E-01
3.245659435	5.87E-01
3.249913249	6.88E-01
3.254178227	7.64E-01
3.258454413	7.51E-01
3.262741853	7.01E-01
3.267040591	6.67E-01
3.271350671	7.44E-01
3.275672138	8.34E-01
3.280005038	8.56E-01
3.284349415	7.95E-01
3.288705316	7.12E-01
3.293072787	6.64E-01
3.297451873	6.75E-01
3.301842621	6.52E-01
3.306245078	5.89E-01
3.310659291	5.52E-01
3.315085306	5.56E-01
3.319523171	5.58E-01
3.323972934	6.19E-01
3.328434642	6.43E-01
3.332908345	6.74E-01
3.33739409	7.21E-01
3.341891925	6.93E-01
3.346401901	6.83E-01
3.350924066	7.55E-01
3.355458469	7.45E-01
3.360005161	6.93E-01
3.364564191	6.63E-01
3.36913561	6.68E-01
3.373719468	7.09E-01
3.378315816	7.23E-01
3.382924705	7.37E-01
3.387546187	7.35E-01
3.392180313	6.86E-01
3.396827135	6.24E-01
3.401486706	6.01E-01
3.406159078	6.06E-01
3.410844303	5.85E-01
3.415542436	6.02E-01
3.420253529	5.85E-01
3.424977636	5.34E-01
3.429714811	5.10E-01
3.434465109	5.20E-01
3.439228583	5.65E-01
3.44400529	5.98E-01
3.448795283	5.65E-01
3.453598619	4.70E-01
3.458415354	3.99E-01
3.463245543	4.30E-01
3.468089243	4.62E-01
3.472946511	4.57E-01
3.477817403	5.19E-01
3.482701978	5.54E-01
3.487600293	5.90E-01
3.492512407	6.11E-01
3.497438376	6.12E-01
3.502378261	6.05E-01
3.50733212	5.72E-01
3.512300012	5.20E-01
3.517281998	4.90E-01
3.522278137	5.18E-01
3.52728849	5.30E-01
3.532313118	5.52E-01
3.537352081	5.67E-01
3.542405441	5.28E-01
3.54747326	4.78E-01
3.5525556	4.66E-01
3.557652523	4.83E-01
3.562764093	4.75E-01
3.567890372	4.77E-01
3.573031425	4.94E-01
3.578187314	4.87E-01
3.583358105	4.78E-01
3.588543862	4.89E-01
3.59374465	4.59E-01
3.598960535	4.03E-01
3.604191582	4.18E-01
3.609437858	4.86E-01
3.614699429	5.15E-01
3.619976363	5.08E-01
3.625268726	4.89E-01
3.630576587	4.69E-01
3.635900013	4.71E-01
3.641239073	5.01E-01
3.646593836	5.02E-01
3.651964372	4.74E-01
3.65735075	4.64E-01
3.662753041	4.55E-01
3.668171315	4.34E-01
3.673605642	4.01E-01
3.679056096	3.74E-01
3.684522747	3.82E-01
3.690005668	4.15E-01
3.695504931	4.53E-01
3.70102061	4.64E-01
3.706552778	4.45E-01
3.71210151	4.15E-01
3.717666879	4.07E-01
3.723248962	4.29E-01
3.728847833	4.39E-01
3.734463567	4.36E-01
3.740096242	4.18E-01
3.745745934	4.03E-01
3.751412721	4.28E-01
3.75709668	4.71E-01
3.762797889	4.69E-01
3.768516426	4.22E-01
3.774252372	3.72E-01
3.780005806	3.51E-01
3.785776807	3.85E-01
3.791565457	3.98E-01
3.797371836	4.07E-01
3.803196025	3.81E-01
3.809038108	3.24E-01
3.814898167	2.79E-01
3.820776284	2.83E-01
3.826672544	2.75E-01
3.83258703	2.49E-01
3.838519828	2.12E-01
3.844471021	2.17E-01
3.850440697	2.22E-01
3.85642894	2.38E-01
3.862435839	2.50E-01
3.86846148	2.45E-01
3.874505951	2.05E-01
3.880569341	1.96E-01
3.886651738	2.05E-01
3.892753232	1.86E-01
3.898873913	1.76E-01
3.905013872	1.82E-01
3.9111732	1.72E-01
3.917351988	1.50E-01
3.92355033	1.23E-01
3.929768318	1.18E-01
3.936006045	1.36E-01
3.942263607	1.31E-01
3.948541097	1.20E-01
3.95483861	1.08E-01
3.961156244	1.07E-01
3.967494094	9.90E-02
3.973852257	9.34E-02
3.980230832	8.41E-02
3.986629917	8.29E-02
3.993049611	6.55E-02
3.999490014	5.09E-02
4.005951226	4.33E-02
4.012433347	4.05E-02
4.018936481	4.14E-02
4.025460728	3.78E-02
4.032006193	3.56E-02
4.038572978	2.78E-02
4.045161189	2.11E-02
4.051770929	1.86E-02
4.058402305	1.87E-02
4.065055424	1.65E-02
4.071730392	1.20E-02
4.078427317	9.47E-03
4.085146307	8.98E-03
4.091887473	7.09E-03
4.098650923	4.28E-03
4.105436769	2.92E-03
4.112245122	2.69E-03
4.119076094	1.93E-03
4.125929798	1.25E-03
4.132806348	1.02E-03
4.139705857	8.61E-04
4.146628443	4.92E-04
4.153574219	3.58E-04
4.160543303	2.90E-04
4.167535813	1.86E-04
4.174551866	9.68E-05
4.181591583	7.13E-05
4.188655082	4.79E-05
4.195742485	2.78E-05
4.202853913	1.23E-05
4.209989488	6.59E-06
4.217149334	4.17E-06
4.224333575	2.27E-06
4.231542336	8.65E-07
4.238775741	4.27E-07
4.246033919	2.68E-07
4.253316996	1.09E-07
4.260625101	3.51E-08
4.267958363	1.38E-08
4.275316911	6.02E-09
4.282700878	2.07E-09
4.290110396	5.63E-10
4.297545596	1.72E-10
4.305006612	6.23E-11
4.31249358	1.09E-11
4.320006635	2.74E-12
4.327545914	8.38E-13
4.335111554	1.37E-13
4.342703693	4.26E-14
4.350322471	8.01E-15
4.357968029	2.49E-15
4.365640508	7.27E-16
4.37334005	3.54E-17
4.3810668	1.85E-17
4.3888209	4.54E-18
4.396602498	1.19E-18
4.404411738	1.57E-19
4.41224877	5.69E-21
4.420113741	1.23E-21
4.428006801	4.73E-23
