-5.421626742689259E-001
-5.395756248930446E-001
-2.814398974805231E-001
-1.983958896036112E-001
-9.693781581208784E-002
-9.384886461380967E-002
-8.581787786978479E-002
-8.200785644031276E-002
-7.981741053832128E-002
-1.091105712043778E-002
 3.449439235168683E-002
 1.128973798352978E-001
 1.241847509202781E-001
 1.257194275755849E-001
 1.286908145922167E-001
 1.535054423193700E-001
 1.620820408276838E-001
 1.634509874313092E-001
 1.748398191364410E-001
 2.127766859925361E-001
 2.502276978133894E-001
 2.687346398996281E-001
 2.994151240813877E-001
 3.110625018782401E-001
 3.240926646806187E-001
 3.250741609986403E-001
 3.281557945214090E-001
 3.427442514263898E-001
 3.584754638684242E-001
 3.646012641419039E-001
 3.694887623022897E-001
 3.882802792039552E-001
 4.238279260506966E-001
 4.413939995535652E-001
 4.526148879376894E-001
 4.567262223695074E-001
 4.623663366211878E-001
 4.645754778066987E-001
 4.788408760736592E-001
 5.237803029304894E-001
-5.388279974322587E-001
-5.363588913187137E-001
-2.784732100907834E-001
-1.984010995910022E-001
-1.141007100378914E-001
-1.106342228650331E-001
-9.787899873784986E-002
-9.465991910925006E-002
-8.322058001535351E-002
 9.201500554053598E-003
 5.518129527416384E-002
 9.783902152265619E-002
 1.198169296167126E-001
 1.304378355043465E-001
 1.309681408767750E-001
 1.476279427630670E-001
 1.661616294540777E-001
 1.687062625728591E-001
 1.768368701456044E-001
 2.162197639963668E-001
 2.467746596539309E-001
 2.772040690225457E-001
 2.841562791322267E-001
 3.061969093319927E-001
 3.083862353942471E-001
 3.336526897441547E-001
 3.354756273752608E-001
 3.411623863258965E-001
 3.609958277523384E-001
 3.796012720733766E-001
 3.890514225402739E-001
 4.034472724940808E-001
 4.287870281820818E-001
 4.378845480487905E-001
 4.519306432558039E-001
 4.656902226047891E-001
 4.746930710971642E-001
 4.838029618848562E-001
 4.985135470152847E-001
 4.995323902406312E-001
-5.297011234239954E-001
-5.275872026479131E-001
-2.721788664390691E-001
-2.062341651201252E-001
-1.540100063132560E-001
-1.402926746682925E-001
-1.130951828263539E-001
-1.085676369321295E-001
-8.231697692442069E-002
 2.646534693699211E-002
 3.859381083646003E-002
 1.048258549372432E-001
 1.072710742762303E-001
 1.242066912709770E-001
 1.458361519234800E-001
 1.512642705008438E-001
 1.811029776205514E-001
 1.854742784166722E-001
 2.054820983831388E-001
 2.266685178419396E-001
 2.277323665254111E-001
 2.594477738451288E-001
 2.864272128084223E-001
 2.978775469200988E-001
 3.144334730811544E-001
 3.266167469940646E-001
 3.291893204732299E-001
 3.478438162903188E-001
 3.844612150244029E-001
 4.004941870002485E-001
 4.198051309080110E-001
 4.280368331010544E-001
 4.304533424522897E-001
 4.421834419788097E-001
 4.493297462527505E-001
 4.522671815237274E-001
 4.560709970184436E-001
 4.765265673048086E-001
 4.855230888583040E-001
 4.913836565470576E-001
-5.177905559565474E-001
-5.162265402254655E-001
-2.717518863601025E-001
-2.312837675091762E-001
-1.771344227743983E-001
-1.442433757178424E-001
-1.267201707968915E-001
-1.211043321672002E-001
-9.106193522170988E-002
 1.214673016038446E-002
 1.976052881640416E-002
 8.814731629064423E-002
 1.023678108047228E-001
 1.197451776180408E-001
 1.690782759527840E-001
 1.702548346034954E-001
 1.954994660645934E-001
 2.017645820284384E-001
 2.255820161122648E-001
 2.312275381210361E-001
 2.596448093507738E-001
 2.701105590849718E-001
 2.758656855815871E-001
 2.868060617236356E-001
 3.321796208593216E-001
 3.394699939397853E-001
 3.501688872160424E-001
 3.569926034832301E-001
 3.575956730571355E-001
 3.636751376859104E-001
 3.964410055992612E-001
 4.044387561236190E-001
 4.125268808733086E-001
 4.230822207749333E-001
 4.498594938226035E-001
 4.551813726419348E-001
 4.700463242314171E-001
 4.798649709745348E-001
 4.816691454679758E-001
 4.863040808035119E-001
-5.087915769993324E-001
-5.077245017900445E-001
-2.796487358343598E-001
-2.519813285909550E-001
-1.745344280621042E-001
-1.380619607964727E-001
-1.347568098323292E-001
-1.283685585099194E-001
-1.092851045092850E-001
 5.175255452777086E-003
 7.409353471960352E-003
 7.704471389945375E-002
 8.893384608188981E-002
 1.165099052818081E-001
 1.869872511537320E-001
 1.945817874041952E-001
 2.030993322831464E-001
 2.180762922676002E-001
 2.332933039398322E-001
 2.363881777186126E-001
 2.600858707008029E-001
 2.674268090310060E-001
 2.875311248086874E-001
 2.922997386194596E-001
 3.119746760360304E-001
 3.338134799915309E-001
 3.463658370448681E-001
 3.712035534368786E-001
 3.789723413413679E-001
 3.861428323834154E-001
 3.878480614723032E-001
 4.023965124672507E-001
 4.094880676403310E-001
 4.268024160188781E-001
 4.296818194895927E-001
 4.528266412596625E-001
 4.547094809308247E-001
 4.702280171028020E-001
 4.786223485210980E-001
 4.825162547438340E-001
-5.087915769993140E-001
-5.077245017901477E-001
-2.796487358341651E-001
-2.519813285912339E-001
-1.745344280619416E-001
-1.380619607964028E-001
-1.347568098325425E-001
-1.283685585103352E-001
-1.092851045106371E-001
 5.175255451162670E-003
 7.409353471386014E-003
 7.704471389966758E-002
 8.893384608197370E-002
 1.165099052824095E-001
 1.869872511527595E-001
 1.945817874042616E-001
 2.030993322829859E-001
 2.180762922670962E-001
 2.332933039389130E-001
 2.363881777184285E-001
 2.600858706985335E-001
 2.674268090333157E-001
 2.875311248092306E-001
 2.922997386230887E-001
 3.119746760376124E-001
 3.338134799918723E-001
 3.463658370465612E-001
 3.712035534342195E-001
 3.789723413419704E-001
 3.861428323827318E-001
 3.878480614679658E-001
 4.023965124684641E-001
 4.094880676394070E-001
 4.268024160195594E-001
 4.296818194887507E-001
 4.528266393637206E-001
 4.547094808887593E-001
 4.702260672959944E-001
 4.785554443596350E-001
 4.811989531329095E-001
-5.177905559565974E-001
-5.162265402254502E-001
-2.717518863600921E-001
-2.312837675089613E-001
-1.771344227742679E-001
-1.442433757175430E-001
-1.267201707965183E-001
-1.211043321673030E-001
-9.106193522121388E-002
 1.214673016084108E-002
 1.976052881637335E-002
 8.814731629098235E-002
 1.023678108048599E-001
 1.197451776172584E-001
 1.690782759531977E-001
 1.702548346038008E-001
 1.954994660645676E-001
 2.017645820295820E-001
 2.255820161116247E-001
 2.312275381213975E-001
 2.596448093498301E-001
 2.701105590846108E-001
 2.758656855820303E-001
 2.868060617246032E-001
 3.321796208598094E-001
 3.394699939434007E-001
 3.501688872170918E-001
 3.569926034821206E-001
 3.575956730566198E-001
 3.636751376861721E-001
 3.964410056007549E-001
 4.044387561213558E-001
 4.125268808714818E-001
 4.230822207781946E-001
 4.498594938185209E-001
 4.551813726358288E-001
 4.700463233544867E-001
 4.798649450778427E-001
 4.816690830214282E-001
 4.863051607171516E-001
-5.297011234239897E-001
-5.275872026479547E-001
-2.721788664385577E-001
-2.062341651193592E-001
-1.540100063134667E-001
-1.402926746683697E-001
-1.130951828263315E-001
-1.085676369327797E-001
-8.231697692447551E-002
 2.646534693711809E-002
 3.859381083673684E-002
 1.048258549363133E-001
 1.072710742765824E-001
 1.242066912714782E-001
 1.458361519234862E-001
 1.512642705008508E-001
 1.811029776194169E-001
 1.854742784147658E-001
 2.054820983840010E-001
 2.266685178425138E-001
 2.277323665258367E-001
 2.594477738448687E-001
 2.864272128088403E-001
 2.978775469210718E-001
 3.144334730812018E-001
 3.266167469941549E-001
 3.291893204735842E-001
 3.478438162908821E-001
 3.844612150233446E-001
 4.004941870006103E-001
 4.198051309104758E-001
 4.280368331022643E-001
 4.304533424530931E-001
 4.421834419789486E-001
 4.493297462520039E-001
 4.522671815270089E-001
 4.560709970042975E-001
 4.765265701017816E-001
 4.855226511434303E-001
 4.913727727551880E-001
-5.388279974322623E-001
-5.363588913185732E-001
-2.784732100910537E-001
-1.984010995912932E-001
-1.141007100378509E-001
-1.106342228651463E-001
-9.787899873823178E-002
-9.465991911021558E-002
-8.322058001546259E-002
 9.201500554010342E-003
 5.518129527451647E-002
 9.783902152304233E-002
 1.198169296166840E-001
 1.304378355033574E-001
 1.309681408769816E-001
 1.476279427634682E-001
 1.661616294542017E-001
 1.687062625726653E-001
 1.768368701460142E-001
 2.162197639961817E-001
 2.467746596538949E-001
 2.772040690225388E-001
 2.841562791322830E-001
 3.061969093308338E-001
 3.083862353950981E-001
 3.336526897433943E-001
 3.354756273754035E-001
 3.411623863256898E-001
 3.609958277546149E-001
 3.796012720744795E-001
 3.890514225416778E-001
 4.034472724922150E-001
 4.287870281827896E-001
 4.378845480496905E-001
 4.519306432537463E-001
 4.656902226053292E-001
 4.746930711028869E-001
 4.838029613890732E-001
 4.985135481896851E-001
 4.995323668237523E-001
-5.391782186264895E-001
-5.367055076882532E-001
-2.792489259310938E-001
-1.995583334175232E-001
-1.226466634556665E-001
-1.182516433430523E-001
-8.714585877103521E-002
-8.439523249019103E-002
-8.421255248262596E-002
 9.964009258266723E-003
 6.159736185112198E-002
 8.726710694985812E-002
 1.297631098861849E-001
 1.298085026105238E-001
 1.300831149659491E-001
 1.482575406972907E-001
 1.635632491497832E-001
 1.685204333990725E-001
 1.833582603179272E-001
 2.155535069185012E-001
 2.415341069490120E-001
 2.747588784123415E-001
 2.923432425999566E-001
 3.006185838281150E-001
 3.211308576797574E-001
 3.296974658130133E-001
 3.377870536214417E-001
 3.581867400614088E-001
 3.581919150391173E-001
 3.618178291708248E-001
 3.791672334485731E-001
 4.110032067016878E-001
 4.309046763386435E-001
 4.350485405283375E-001
 4.529757000901697E-001
 4.654820970514697E-001
 4.708638679909345E-001
 4.824817517632568E-001
 4.829846020653380E-001
 4.881891555226583E-001
-5.332417184835654E-001
-5.310010400618690E-001
-2.752753339627301E-001
-2.043368709469089E-001
-1.463118472606631E-001
-1.363924216204021E-001
-1.065162358132920E-001
-1.018646339193220E-001
-8.328684067444801E-002
 2.889930997243203E-002
 6.687272927000279E-002
 9.134639031619042E-002
 1.174486417778497E-001
 1.247582385539956E-001
 1.425627017127516E-001
 1.499305654477370E-001
 1.647216690826692E-001
 1.794317265490947E-001
 2.006958733411073E-001
 2.252260535815520E-001
 2.290351414671792E-001
 2.693841730697650E-001
 2.904903016031902E-001
 3.025547832933088E-001
 3.117270480445643E-001
 3.171336540526257E-001
 3.338176951458547E-001
 3.696663883758494E-001
 3.739573483165501E-001
 4.024562907365607E-001
 4.038749504775992E-001
 4.181914611147821E-001
 4.276375126158514E-001
 4.412785583383638E-001
 4.501402979314432E-001
 4.532611951543214E-001
 4.637435572602318E-001
 4.736080351982403E-001
 4.767449775332819E-001
 4.818507322143936E-001
-5.227540288625744E-001
-5.209674869661256E-001
-2.716277607861524E-001
-2.209354161955762E-001
-1.677926213888725E-001
-1.433050975759089E-001
-1.330482882352898E-001
-1.259578153467895E-001
-8.613945303384156E-002
 3.505742884139885E-002
 3.858774010720541E-002
 9.565681311687152E-002
 1.097827733678773E-001
 1.210536215690670E-001
 1.535624263008223E-001
 1.640058799239887E-001
 1.869497444139809E-001
 1.998619005104003E-001
 2.203991560318834E-001
 2.251549090790826E-001
 2.468426139170919E-001
 2.736337331681927E-001
 2.800281748386126E-001
 2.900818107683398E-001
 3.274969304053724E-001
 3.287113222343921E-001
 3.358900752708188E-001
 3.735191552946419E-001
 3.759486404994229E-001
 3.841067731460178E-001
 3.976820770495394E-001
 4.138991099022507E-001
 4.163005289940921E-001
 4.242160401161062E-001
 4.429741553941217E-001
 4.437603128177690E-001
 4.575806633332385E-001
 4.611871449172880E-001
 4.716219269400434E-001
 4.842694188112108E-001
-5.118147065566239E-001
-5.105830195151577E-001
-2.754508677578524E-001
-2.428922467733269E-001
-1.754201527812836E-001
-1.462629019686179E-001
-1.459179885835998E-001
-1.334181404556589E-001
-9.992397369687023E-002
 1.837259074805644E-002
 2.486591430502238E-002
 9.280506510404180E-002
 9.314570794613426E-002
 1.101948694620530E-001
 1.744237362566390E-001
 1.902589143488822E-001
 1.920443984871439E-001
 2.211825474312082E-001
 2.383245496969294E-001
 2.432286135509799E-001
 2.682165047074972E-001
 2.739520931650729E-001
 2.923656997361941E-001
 2.972173881547095E-001
 3.222290623111747E-001
 3.330471741257426E-001
 3.355015975905992E-001
 3.554878097710231E-001
 3.614838503679420E-001
 3.824481450790097E-001
 3.832034382906158E-001
 3.955382317919780E-001
 4.077175231025646E-001
 4.151956461562989E-001
 4.226620551731018E-001
 4.499074209414515E-001
 4.572437936276178E-001
 4.600149579950162E-001
 4.673256045858113E-001
 4.692170805144692E-001
-5.065827864199568E-001
-5.056455696018177E-001
-2.798302141815896E-001
-2.531024316687626E-001
-1.741738304992955E-001
-1.497211906588740E-001
-1.452530771718552E-001
-1.300647243700991E-001
-1.132011301267894E-001
 1.335434803010864E-002
 1.671918438508795E-002
 8.704118510649500E-002
 9.154233347493440E-002
 1.031221938953837E-001
 1.735134771914507E-001
 1.999626173559103E-001
 2.204797160791261E-001
 2.348081129182439E-001
 2.354659634159397E-001
 2.524010017939326E-001
 2.607005438740690E-001
 2.667008522981357E-001
 2.845154739411998E-001
 3.069545473590887E-001
 3.083105565647098E-001
 3.272635138204673E-001
 3.359910382618460E-001
 3.451979130611180E-001
 3.582488411235213E-001
 3.814380931852216E-001
 3.904783431495961E-001
 4.109615613716400E-001
 4.128157287266120E-001
 4.179589186293395E-001
 4.195672244197705E-001
 4.383218453542432E-001
 4.457506090584928E-001
 4.590175118935354E-001
 4.648701414899915E-001
 4.657238058394647E-001
-5.108615437892678E-001
-5.096607651761065E-001
-2.746774164386701E-001
-2.434265512529518E-001
-1.752710784519959E-001
-1.459261226154863E-001
-1.447671959051972E-001
-1.329478683274836E-001
-9.954010693249810E-002
 1.694154147598552E-002
 2.202856171082034E-002
 9.196423011311197E-002
 9.359716655032428E-002
 1.065408579711733E-001
 1.700400953115842E-001
 1.918135377363844E-001
 1.944765051174153E-001
 2.197837178181656E-001
 2.330907327119600E-001
 2.369421604492015E-001
 2.610622744533270E-001
 2.716802584635624E-001
 2.870328245778815E-001
 2.892653131594480E-001
 3.165607248740794E-001
 3.204022646408663E-001
 3.365381174372586E-001
 3.586199854226658E-001
 3.642219316642247E-001
 3.746554650703922E-001
 3.849241727344595E-001
 3.977437611090067E-001
 4.182089562274100E-001
 4.260955036548661E-001
 4.389381120460594E-001
 4.505233959524862E-001
 4.597555191292919E-001
 4.608824315366475E-001
 4.751482823425942E-001
 4.765521716273559E-001
-5.214981613499150E-001
-5.197397644620050E-001
-2.692551876509213E-001
-2.197254718583464E-001
-1.690677103371451E-001
-1.436599486051278E-001
-1.325290790563527E-001
-1.250609167790988E-001
-8.444932780743436E-002
 3.190708885499668E-002
 3.245880506630827E-002
 9.542616644707684E-002
 1.036526828641236E-001
 1.159055905570703E-001
 1.515955368934712E-001
 1.649656361860969E-001
 1.785774076890098E-001
 1.971427018790994E-001
 2.144112226358041E-001
 2.201851670950005E-001
 2.437004949966255E-001
 2.718874355392247E-001
 2.819744693372345E-001
 2.905397476303770E-001
 3.186936769971848E-001
 3.355623959143579E-001
 3.469029146855284E-001
 3.724271881217224E-001
 3.759418584511994E-001
 3.895442161330969E-001
 3.935220505236154E-001
 4.005761756294604E-001
 4.200503397171847E-001
 4.337599246582730E-001
 4.389020908929637E-001
 4.452398523135139E-001
 4.558990545713774E-001
 4.606387808292857E-001
 4.856823408701665E-001
 4.936599651834538E-001
-5.322813927428585E-001
-5.300548172572767E-001
-2.731276465709779E-001
-2.014339588865511E-001
-1.415301430039528E-001
-1.329305653674908E-001
-1.131310644180333E-001
-1.081358688725871E-001
-8.133274416539317E-002
 2.593085757885093E-002
 6.254010233332100E-002
 7.591465241607717E-002
 1.185477634590180E-001
 1.280806147648667E-001
 1.418578085892748E-001
 1.502859444655765E-001
 1.538601773410852E-001
 1.784001115684882E-001
 2.104774581415295E-001
 2.250226707795564E-001
 2.260961422927942E-001
 2.721784399832096E-001
 2.872523811777411E-001
 2.911048208045389E-001
 3.136148407138552E-001
 3.174072559006090E-001
 3.357541003487833E-001
 3.581896931954763E-001
 3.666567357254218E-001
 4.116322708265966E-001
 4.133186085959983E-001
 4.236595040625584E-001
 4.240864606283798E-001
 4.447297401778318E-001
 4.631974974820181E-001
 4.651692486363619E-001
 4.677720680696012E-001
 4.722951206570341E-001
 4.723796634984365E-001
 4.841677554905142E-001
-5.310381883257618E-001
-5.289072163667142E-001
-2.755718072544332E-001
-2.115883137251782E-001
-1.616731173926372E-001
-1.451919873224507E-001
-9.882077859311264E-002
-9.492870748844132E-002
-8.538921286461620E-002
 3.051994053459487E-002
 4.561137772412531E-002
 1.043439035958477E-001
 1.092141240631918E-001
 1.360568379386717E-001
 1.443183261969773E-001
 1.514460042995559E-001
 1.804551891985144E-001
 1.956826283152755E-001
 2.011829254362273E-001
 2.226110543279677E-001
 2.241696281656912E-001
 2.652832981211789E-001
 2.802009418413955E-001
 2.999133334870861E-001
 3.177722411103337E-001
 3.298975339824770E-001
 3.501993521224261E-001
 3.521189254369567E-001
 3.794948040429381E-001
 3.814310286957305E-001
 4.018482456558690E-001
 4.284086353785087E-001
 4.312155643025932E-001
 4.356195364371542E-001
 4.432434317531995E-001
 4.488310923945042E-001
 4.502450879170131E-001
 4.648741814859644E-001
 4.672215384027895E-001
 5.029243887018283E-001
-5.237618899262089E-001
-5.219627319214643E-001
-2.746522336616843E-001
-2.252707486802619E-001
-1.725729237091490E-001
-1.462027521858483E-001
-1.227097144603449E-001
-1.160171459657977E-001
-8.870686273142352E-002
 3.697898578334975E-002
 4.162778692295087E-002
 1.042865075649922E-001
 1.143760695479761E-001
 1.246030248725426E-001
 1.538993542083017E-001
 1.630232627982720E-001
 1.871326574691501E-001
 1.989439621102645E-001
 2.184887617335241E-001
 2.190012195819956E-001
 2.437292876075274E-001
 2.700129101034968E-001
 2.787413869779484E-001
 2.983933693796158E-001
 3.247877782193602E-001
 3.310853948059616E-001
 3.402068444467833E-001
 3.632463439132104E-001
 3.701091728622000E-001
 3.910599986913974E-001
 3.916235234768449E-001
 4.112010290731009E-001
 4.168024862500250E-001
 4.269822738597622E-001
 4.445944078112439E-001
 4.539008227615179E-001
 4.602006593657743E-001
 4.646700931075833E-001
 4.753553864117112E-001
 4.887235174140876E-001
-5.139795637816951E-001
-5.126631154375707E-001
-2.754442135182879E-001
-2.392223584286622E-001
-1.684065920721104E-001
-1.590708061869800E-001
-1.500535673710237E-001
-1.373399918810977E-001
-9.676468182061709E-002
 3.719138429516175E-002
 3.731246387896204E-002
 7.380091505700012E-002
 1.234845304870326E-001
 1.438164397317929E-001
 1.512240693946541E-001
 1.886013709511772E-001
 2.074277926138533E-001
 2.201708884128672E-001
 2.212260451816994E-001
 2.251604329726529E-001
 2.624884125996367E-001
 2.656213009892394E-001
 2.869874969854252E-001
 3.033115114707264E-001
 3.267869055656631E-001
 3.313574027614208E-001
 3.446161928331621E-001
 3.585173247860769E-001
 3.642103410216120E-001
 3.716219553907058E-001
 3.835804123040439E-001
 3.910244976350776E-001
 4.088663815754540E-001
 4.123015226046339E-001
 4.288728727974827E-001
 4.313096676266054E-001
 4.463145670030926E-001
 4.506758836334424E-001
 4.707183154381507E-001
 4.827158851468353E-001
-5.062307129500044E-001
-5.053303973697792E-001
-2.770948504264982E-001
-2.481166240104268E-001
-1.827701798386271E-001
-1.705630240210068E-001
-1.530241882781112E-001
-1.296335144071484E-001
-1.110665746267586E-001
 1.941371958058645E-002
 3.274324586957451E-002
 7.279454620409001E-002
 1.063816312397990E-001
 1.407628122326073E-001
 1.684990660834268E-001
 2.104300545603797E-001
 2.165147736799620E-001
 2.407003057176786E-001
 2.467405561697788E-001
 2.560830642257450E-001
 2.719234856718530E-001
 2.744578212137074E-001
 2.953792161697923E-001
 3.081840883124789E-001
 3.114978627469496E-001
 3.138866636497198E-001
 3.269875646348187E-001
 3.373201363080640E-001
 3.426362746543120E-001
 3.564196209512775E-001
 3.688746080188190E-001
 3.824531973072519E-001
 3.924475961539349E-001
 4.044278721133389E-001
 4.063523559206960E-001
 4.201062806804797E-001
 4.381716994688791E-001
 4.454855649807311E-001
 4.682844824410247E-001
 4.862237329380527E-001
-5.052385946910728E-001
-5.043696329518448E-001
-2.759436455499390E-001
-2.480126351308777E-001
-1.839179359818213E-001
-1.710643365802084E-001
-1.522002255186153E-001
-1.287234938463773E-001
-1.111056732208029E-001
 1.793998449134942E-002
 3.108490431582350E-002
 7.316858215317891E-002
 1.055914408414461E-001
 1.357176790711703E-001
 1.651869467957060E-001
 2.098799675493284E-001
 2.127350422463042E-001
 2.377851936242251E-001
 2.491043480100809E-001
 2.502028869644108E-001
 2.633826287803782E-001
 2.729211599246916E-001
 2.895426574029645E-001
 3.038852001129693E-001
 3.055780448762745E-001
 3.162224204640153E-001
 3.346060646677660E-001
 3.366814877083547E-001
 3.441535034943862E-001
 3.548313026984271E-001
 3.650942601589107E-001
 3.786323959471652E-001
 3.992454070295826E-001
 4.126491661618846E-001
 4.162486957781103E-001
 4.221737002632178E-001
 4.446361020643460E-001
 4.539788380645698E-001
 4.714970854599054E-001
 4.766063052870446E-001
-5.117055753589148E-001
-5.104494313652375E-001
-2.714119406666824E-001
-2.371516530039863E-001
-1.676892627217766E-001
-1.632339175229461E-001
-1.529467113373626E-001
-1.357910893272492E-001
-9.430444515552527E-002
 3.045347858046787E-002
 3.409648952657207E-002
 7.449021514853607E-002
 1.158889820530641E-001
 1.281984964023524E-001
 1.437480129128602E-001
 1.923989226319188E-001
 2.038014227593446E-001
 2.052863147034917E-001
 2.086127851053031E-001
 2.282169092282449E-001
 2.627704482535834E-001
 2.656714171825277E-001
 2.947202409182795E-001
 2.999375090243246E-001
 3.284621273810835E-001
 3.311778524469370E-001
 3.447277236139210E-001
 3.544015288006130E-001
 3.561337056619542E-001
 3.723719354880298E-001
 3.797045743478254E-001
 3.880094109533590E-001
 4.131034894915995E-001
 4.134222789113585E-001
 4.274352410130800E-001
 4.324366577533367E-001
 4.532676762597280E-001
 4.579116997588508E-001
 4.757089564330783E-001
 4.821245312228140E-001
-5.214981613499555E-001
-5.197397644622408E-001
-2.692551876491858E-001
-2.197254718586128E-001
-1.690677103367351E-001
-1.436599486055161E-001
-1.325290790564420E-001
-1.250609167794773E-001
-8.444932780741699E-002
 3.190708885505143E-002
 3.245880506549835E-002
 9.542616644765044E-002
 1.036526828648472E-001
 1.159055905568700E-001
 1.515955368935600E-001
 1.649656361859352E-001
 1.785774076899358E-001
 1.971427018795453E-001
 2.144112226350612E-001
 2.201851670943846E-001
 2.437004949967506E-001
 2.718874355396409E-001
 2.819744693379470E-001
 2.905397476303881E-001
 3.186936769968158E-001
 3.355623959144021E-001
 3.469029146850371E-001
 3.724271881214389E-001
 3.759418584507468E-001
 3.895442161327745E-001
 3.935220505239199E-001
 4.005761756316272E-001
 4.200503397178732E-001
 4.337599246595956E-001
 4.389020908928144E-001
 4.452398523114159E-001
 4.558990545605085E-001
 4.606387808224596E-001
 4.856854572825414E-001
 4.946854781571585E-001
-5.204837026124313E-001
-5.188768357456085E-001
-2.790723879032059E-001
-2.389785480602730E-001
-1.808927204964672E-001
-1.470597719099690E-001
-1.103787975425061E-001
-1.054859929041986E-001
-9.712237274038710E-002
 2.121124178227852E-002
 2.644340221085818E-002
 9.328543585797672E-002
 1.102270207075240E-001
 1.376451342861994E-001
 1.674096130748476E-001
 1.677711065020163E-001
 2.015454910796390E-001
 2.127260659621954E-001
 2.226710689415221E-001
 2.312655280197428E-001
 2.548612006366174E-001
 2.615789694311975E-001
 2.765868571268935E-001
 2.806773576755963E-001
 3.252782574467691E-001
 3.295223617267217E-001
 3.408065320090405E-001
 3.614134834643942E-001
 3.619608032209440E-001
 3.697600654924023E-001
 3.871020123026503E-001
 3.899610027816847E-001
 4.235440671363759E-001
 4.432315477063620E-001
 4.521327220949326E-001
 4.539691252326638E-001
 4.731040025695854E-001
 4.736988611573686E-001
 4.971451548922853E-001
 5.062161407907004E-001
-5.142063899753003E-001
-5.129352879368581E-001
-2.822781334207050E-001
-2.495505801759144E-001
-1.772018146227846E-001
-1.436767297024124E-001
-1.335352397015416E-001
-1.251713685910964E-001
-1.051318432695720E-001
 2.590554804228199E-002
 2.704309212277583E-002
 1.046941937937196E-001
 1.050564802991405E-001
 1.235889779315473E-001
 1.766866721603541E-001
 1.879789795899952E-001
 2.004635846248037E-001
 2.178336467359994E-001
 2.341303036843572E-001
 2.406877723384780E-001
 2.567253243108419E-001
 2.627740708526730E-001
 2.857961956455923E-001
 3.025318021832253E-001
 3.078930595908078E-001
 3.178762465460340E-001
 3.350494573235890E-001
 3.573040949172907E-001
 3.581287635197135E-001
 3.755467642715660E-001
 3.826320894144660E-001
 4.072019426700787E-001
 4.181431213057202E-001
 4.370646579806963E-001
 4.411509929121564E-001
 4.497288184382403E-001
 4.561117206449542E-001
 4.611330000674668E-001
 4.769578191616727E-001
 4.780110917911439E-001
-5.076130599005972E-001
-5.066825976758764E-001
-2.809263588609106E-001
-2.516127007026315E-001
-1.781550522722176E-001
-1.647260950206883E-001
-1.527588832959940E-001
-1.307178862572716E-001
-1.137585431548648E-001
 2.445332257122416E-002
 3.212618077568988E-002
 7.543514744191823E-002
 1.156888319289906E-001
 1.543148241453638E-001
 1.791942254418747E-001
 2.106016394499899E-001
 2.176823386725821E-001
 2.393629827516069E-001
 2.437357465308685E-001
 2.476034066406416E-001
 2.588606498669118E-001
 2.683417907004936E-001
 2.939244531024218E-001
 3.017913942978629E-001
 3.018623099328066E-001
 3.078523201888285E-001
 3.386701691095629E-001
 3.418487372834829E-001
 3.432233084893357E-001
 3.620820421951565E-001
 3.635930214628168E-001
 3.876088821320676E-001
 3.935372339407067E-001
 4.065034753068961E-001
 4.155588547525673E-001
 4.274308716344597E-001
 4.371675282146561E-001
 4.437612217852713E-001
 4.748533936269150E-001
 4.767971099443425E-001
-5.039330885815620E-001
-5.031729584899032E-001
-2.768551775382430E-001
-2.485848876585975E-001
-1.932480971435567E-001
-1.826240130529581E-001
-1.438973431078690E-001
-1.268660011529453E-001
-1.196761131470911E-001
 1.297323733687656E-002
 3.583041922684469E-002
 7.098468479023916E-002
 1.025631641830813E-001
 1.638768346198609E-001
 1.981664870961739E-001
 2.162836706610718E-001
 2.228710650018617E-001
 2.379165620270245E-001
 2.482218513280978E-001
 2.747068337260559E-001
 2.793330512495271E-001
 2.798154890170911E-001
 2.899850963539883E-001
 2.929360531963623E-001
 3.006010765994408E-001
 3.074953081242896E-001
 3.135905752120213E-001
 3.234873922618436E-001
 3.403025633957644E-001
 3.489178246285357E-001
 3.537429541800721E-001
 3.605467423844807E-001
 3.676643768867108E-001
 4.018284821692220E-001
 4.172326476281650E-001
 4.193916251745393E-001
 4.298589278403872E-001
 4.441920196022009E-001
 4.662969249226673E-001
 4.792682218537389E-001
-5.052385946913716E-001
-5.043696329517688E-001
-2.759436455502549E-001
-2.480126351314390E-001
-1.839179359819091E-001
-1.710643365798749E-001
-1.522002255195606E-001
-1.287234938461282E-001
-1.111056732210191E-001
 1.793998449118037E-002
 3.108490431471392E-002
 7.316858215305685E-002
 1.055914408407781E-001
 1.357176790711085E-001
 1.651869467956383E-001
 2.098799675488091E-001
 2.127350422470432E-001
 2.377851936258562E-001
 2.491043480109066E-001
 2.502028869631303E-001
 2.633826287792747E-001
 2.729211599256490E-001
 2.895426574028045E-001
 3.038852001136250E-001
 3.055780448773294E-001
 3.162224204642062E-001
 3.346060646686022E-001
 3.366814877086303E-001
 3.441535034950384E-001
 3.548313026990014E-001
 3.650942601587670E-001
 3.786323959469420E-001
 3.992454070324651E-001
 4.126491661624448E-001
 4.162486957783404E-001
 4.221737002652534E-001
 4.446361020656625E-001
 4.539788374041157E-001
 4.714970039139410E-001
 4.766109323678606E-001
-5.108615437898548E-001
-5.096607651760965E-001
-2.746774164385477E-001
-2.434265512523451E-001
-1.752710784521443E-001
-1.459261226152166E-001
-1.447671959063881E-001
-1.329478683276946E-001
-9.954010693140188E-002
 1.694154147670918E-002
 2.202856171030376E-002
 9.196423011199437E-002
 9.359716654981032E-002
 1.065408579706922E-001
 1.700400953109028E-001
 1.918135377360730E-001
 1.944765051172656E-001
 2.197837178180291E-001
 2.330907327132595E-001
 2.369421604493501E-001
 2.610622744536750E-001
 2.716802584628750E-001
 2.870328245780953E-001
 2.892653131593610E-001
 3.165607248746187E-001
 3.204022646417011E-001
 3.365381174377426E-001
 3.586199854213373E-001
 3.642219316636023E-001
 3.746554650705298E-001
 3.849241727339011E-001
 3.977437611090145E-001
 4.182089562265084E-001
 4.260955036516353E-001
 4.389381120458573E-001
 4.505233961147199E-001
 4.597555194913396E-001
 4.608824320621782E-001
 4.751473020801309E-001
 4.765540626466416E-001
-5.125756694981332E-001
-5.114390111696496E-001
-2.885512740616396E-001
-2.593710544515855E-001
-1.763923449138940E-001
-1.412200101138255E-001
-1.171872762225865E-001
-1.166313663703655E-001
-1.117527559514006E-001
 1.410084234054023E-002
 1.542710658888735E-002
 8.628278688509616E-002
 1.018303004354514E-001
 1.366136883711698E-001
 1.853904151013607E-001
 1.974107776062931E-001
 2.150673678809801E-001
 2.178708528292335E-001
 2.327088099403639E-001
 2.358705210376873E-001
 2.508616092699327E-001
 2.609068761264983E-001
 2.784034548743124E-001
 2.883725819968227E-001
 3.018878942052530E-001
 3.239916559398599E-001
 3.363068850514872E-001
 3.643632434622753E-001
 3.772353202788528E-001
 3.855006109270053E-001
 3.958523898724322E-001
 4.116453191871441E-001
 4.196220454604067E-001
 4.245928390052344E-001
 4.425720899121904E-001
 4.463169749308388E-001
 4.654616153422563E-001
 4.745679385017313E-001
 4.748871084499021E-001
 5.064932843242009E-001
-5.100199418619946E-001
-5.090106084374866E-001
-2.878405871503607E-001
-2.596323575432227E-001
-1.728710914526096E-001
-1.427574218349683E-001
-1.342514316274014E-001
-1.264878386704913E-001
-1.194503887983468E-001
 1.998243878148846E-002
 2.249591002283804E-002
 1.018753045700334E-001
 1.064425612692493E-001
 1.178827806200817E-001
 1.894768761078166E-001
 1.959802115884551E-001
 2.173259210263141E-001
 2.260954981864451E-001
 2.342725198036709E-001
 2.500338882957363E-001
 2.588039294675762E-001
 2.650259521621214E-001
 2.759361080590926E-001
 2.972241938381824E-001
 3.068916761648655E-001
 3.231150849907690E-001
 3.337329129409979E-001
 3.493558630553901E-001
 3.494351233049126E-001
 3.860424635938227E-001
 3.887770789476074E-001
 4.082428439105650E-001
 4.227233446274971E-001
 4.247048848823135E-001
 4.270737641786821E-001
 4.340334017606813E-001
 4.455369474888274E-001
 4.688887038541018E-001
 4.738972481415319E-001
 4.803578660469516E-001
-5.076130599008590E-001
-5.066825976758549E-001
-2.809263588606278E-001
-2.516127007031075E-001
-1.781550522721557E-001
-1.647260950203486E-001
-1.527588832958812E-001
-1.307178862569299E-001
-1.137585431551859E-001
 2.445332257120528E-002
 3.212618077557275E-002
 7.543514744106040E-002
 1.156888319286148E-001
 1.543148241445996E-001
 1.791942254420796E-001
 2.106016394505179E-001
 2.176823386719664E-001
 2.393629827521983E-001
 2.437357465303725E-001
 2.476034066428176E-001
 2.588606498659548E-001
 2.683417907000502E-001
 2.939244531034866E-001
 3.017913942950121E-001
 3.018623099328771E-001
 3.078523201866820E-001
 3.386701691093458E-001
 3.418487372831034E-001
 3.432233084891674E-001
 3.620820421946950E-001
 3.635930214613616E-001
 3.876088821306659E-001
 3.935372339420785E-001
 4.065034753072178E-001
 4.155588547536323E-001
 4.274308716320262E-001
 4.371675282150868E-001
 4.437612217885588E-001
 4.748533837978587E-001
 4.767966505566886E-001
-5.062307129503194E-001
-5.053303973696932E-001
-2.770948504270448E-001
-2.481166240102033E-001
-1.827701798389050E-001
-1.705630240215881E-001
-1.530241882776357E-001
-1.296335144061471E-001
-1.110665746283070E-001
 1.941371958065274E-002
 3.274324586987885E-002
 7.279454620440359E-002
 1.063816312399668E-001
 1.407628122323699E-001
 1.684990660835160E-001
 2.104300545586973E-001
 2.165147736792799E-001
 2.407003057194601E-001
 2.467405561683839E-001
 2.560830642256143E-001
 2.719234856721098E-001
 2.744578212142966E-001
 2.953792161705948E-001
 3.081840883115614E-001
 3.114978627466369E-001
 3.138866636493099E-001
 3.269875646343906E-001
 3.373201363077266E-001
 3.426362746549405E-001
 3.564196209524216E-001
 3.688746080199382E-001
 3.824531973071756E-001
 3.924475961514320E-001
 4.044278721156325E-001
 4.063523559203788E-001
 4.201062806794525E-001
 4.381716994690359E-001
 4.454855649852238E-001
 4.682844342392081E-001
 4.864662766066190E-001
-5.065827864197977E-001
-5.056455696019487E-001
-2.798302141818047E-001
-2.531024316686387E-001
-1.741738304994175E-001
-1.497211906590911E-001
-1.452530771716004E-001
-1.300647243703316E-001
-1.132011301261943E-001
 1.335434803009997E-002
 1.671918438549670E-002
 8.704118510673671E-002
 9.154233347525673E-002
 1.031221938947544E-001
 1.735134771912135E-001
 1.999626173563926E-001
 2.204797160800255E-001
 2.348081129167700E-001
 2.354659634156732E-001
 2.524010017947900E-001
 2.607005438734558E-001
 2.667008523002203E-001
 2.845154739416105E-001
 3.069545473591218E-001
 3.083105565665725E-001
 3.272635138187492E-001
 3.359910382655259E-001
 3.451979130597612E-001
 3.582488411248657E-001
 3.814380931860089E-001
 3.904783431511607E-001
 4.109615613695835E-001
 4.128157287299609E-001
 4.179589186291736E-001
 4.195672244231125E-001
 4.383218453530394E-001
 4.457506093225596E-001
 4.590175202684107E-001
 4.648701808382938E-001
 4.657238072289422E-001
-5.125756694981503E-001
-5.114390111698022E-001
-2.885512740624316E-001
-2.593710544519874E-001
-1.763923449131312E-001
-1.412200101140669E-001
-1.171872762224762E-001
-1.166313663701527E-001
-1.117527559508599E-001
 1.410084234060030E-002
 1.542710658863535E-002
 8.628278688445812E-002
 1.018303004349097E-001
 1.366136883719207E-001
 1.853904151014189E-001
 1.974107776062043E-001
 2.150673678801946E-001
 2.178708528288616E-001
 2.327088099420118E-001
 2.358705210376323E-001
 2.508616092705832E-001
 2.609068761264715E-001
 2.784034548730538E-001
 2.883725819958706E-001
 3.018878942051375E-001
 3.239916559413387E-001
 3.363068850505245E-001
 3.643632434626159E-001
 3.772353202817587E-001
 3.855006109276080E-001
 3.958523898748137E-001
 4.116453191860316E-001
 4.196220454497690E-001
 4.245928390040541E-001
 4.425720899110827E-001
 4.463169749317918E-001
 4.654616153564907E-001
 4.745679385647128E-001
 4.748871083514762E-001
 5.071238458767564E-001
-5.142063899744564E-001
-5.129352879369635E-001
-2.822781334201940E-001
-2.495505801754015E-001
-1.772018146221875E-001
-1.436767297021086E-001
-1.335352397015551E-001
-1.251713685911713E-001
-1.051318432693955E-001
 2.590554804230904E-002
 2.704309212345991E-002
 1.046941937938963E-001
 1.050564802994274E-001
 1.235889779313735E-001
 1.766866721603214E-001
 1.879789795901531E-001
 2.004635846252546E-001
 2.178336467358958E-001
 2.341303036862589E-001
 2.406877723406912E-001
 2.567253243100411E-001
 2.627740708523813E-001
 2.857961956453766E-001
 3.025318021838625E-001
 3.078930595909112E-001
 3.178762465463434E-001
 3.350494573229729E-001
 3.573040949179419E-001
 3.581287635188951E-001
 3.755467642712029E-001
 3.826320894177635E-001
 4.072019426714188E-001
 4.181431213053674E-001
 4.370646579805220E-001
 4.411509929188671E-001
 4.497288175552727E-001
 4.561117203731035E-001
 4.611329998844469E-001
 4.769450973427348E-001
 4.779920126067511E-001
-5.139795637814319E-001
-5.126631154374802E-001
-2.754442135179640E-001
-2.392223584283730E-001
-1.684065920721556E-001
-1.590708061869550E-001
-1.500535673712463E-001
-1.373399918808162E-001
-9.676468182064660E-002
 3.719138429518617E-002
 3.731246387896597E-002
 7.380091505694211E-002
 1.234845304877268E-001
 1.438164397322263E-001
 1.512240693945460E-001
 1.886013709521663E-001
 2.074277926136276E-001
 2.201708884134744E-001
 2.212260451812047E-001
 2.251604329726286E-001
 2.624884126010164E-001
 2.656213009875831E-001
 2.869874969853505E-001
 3.033115114713227E-001
 3.267869055655514E-001
 3.313574027618753E-001
 3.446161928339974E-001
 3.585173247858176E-001
 3.642103410222869E-001
 3.716219553897805E-001
 3.835804123034383E-001
 3.910244976371815E-001
 4.088663815748543E-001
 4.123015226063472E-001
 4.288728727954353E-001
 4.313096676240789E-001
 4.463145669961561E-001
 4.506758835526719E-001
 4.707134392363269E-001
 4.811232802854200E-001
-5.118147065554700E-001
-5.105830195140536E-001
-2.754508677574938E-001
-2.428922467725906E-001
-1.754201527813364E-001
-1.462629019687027E-001
-1.459179885841062E-001
-1.334181404561138E-001
-9.992397369778055E-002
 1.837259074765195E-002
 2.486591430519870E-002
 9.280506510415376E-002
 9.314570794669592E-002
 1.101948694620919E-001
 1.744237362562890E-001
 1.902589143491492E-001
 1.920443984872159E-001
 2.211825474314826E-001
 2.383245496982859E-001
 2.432286135507392E-001
 2.682165047084973E-001
 2.739520931648144E-001
 2.923656997352452E-001
 2.972173881559788E-001
 3.222290623120909E-001
 3.330471741246440E-001
 3.355015975901222E-001
 3.554878097704378E-001
 3.614838503656286E-001
 3.824481450788123E-001
 3.832034382875414E-001
 3.955382317917362E-001
 4.077175231036083E-001
 4.151956461555292E-001
 4.226620551739386E-001
 4.499074209160211E-001
 4.572437630088858E-001
 4.600148976924162E-001
 4.673020781213668E-001
 4.692145670924880E-001
-5.204837026124178E-001
-5.188768357455165E-001
-2.790723879031861E-001
-2.389785480596619E-001
-1.808927204961081E-001
-1.470597719093023E-001
-1.103787975431049E-001
-1.054859929043234E-001
-9.712237273963732E-002
 2.121124178226880E-002
 2.644340221075335E-002
 9.328543585666578E-002
 1.102270207070205E-001
 1.376451342855760E-001
 1.674096130749526E-001
 1.677711065021206E-001
 2.015454910792945E-001
 2.127260659625033E-001
 2.226710689415382E-001
 2.312655280197935E-001
 2.548612006371697E-001
 2.615789694306792E-001
 2.765868571254216E-001
 2.806773576768603E-001
 3.252782574458822E-001
 3.295223617272987E-001
 3.408065320089122E-001
 3.614134834642087E-001
 3.619608032215568E-001
 3.697600654924287E-001
 3.871020123030514E-001
 3.899610027808562E-001
 4.235440671382625E-001
 4.432315477023323E-001
 4.521327220958091E-001
 4.539691252382071E-001
 4.731040026007086E-001
 4.736988611510267E-001
 4.971453719109964E-001
 5.062318113828856E-001
-5.237618899261959E-001
-5.219627319217847E-001
-2.746522336613330E-001
-2.252707486800123E-001
-1.725729237092067E-001
-1.462027521855193E-001
-1.227097144600544E-001
-1.160171459659998E-001
-8.870686273053546E-002
 3.697898578320255E-002
 4.162778692259314E-002
 1.042865075651323E-001
 1.143760695478856E-001
 1.246030248723460E-001
 1.538993542086454E-001
 1.630232627987128E-001
 1.871326574690637E-001
 1.989439621097265E-001
 2.184887617339403E-001
 2.190012195816578E-001
 2.437292876072948E-001
 2.700129101024255E-001
 2.787413869781391E-001
 2.983933693792989E-001
 3.247877782193670E-001
 3.310853948032261E-001
 3.402068444456460E-001
 3.632463439139074E-001
 3.701091728634797E-001
 3.910599986908835E-001
 3.916235234764417E-001
 4.112010290755372E-001
 4.168024862501181E-001
 4.269822738579092E-001
 4.445944078131199E-001
 4.539008227601217E-001
 4.602006593729159E-001
 4.646700931316148E-001
 4.753553870165257E-001
 4.887245472282559E-001
-5.227540288628354E-001
-5.209674869658361E-001
-2.716277607857339E-001
-2.209354161952649E-001
-1.677926213889169E-001
-1.433050975757762E-001
-1.330482882346563E-001
-1.259578153462553E-001
-8.613945303402179E-002
 3.505742884189742E-002
 3.858774010642613E-002
 9.565681311658969E-002
 1.097827733673080E-001
 1.210536215687841E-001
 1.535624263001149E-001
 1.640058799248783E-001
 1.869497444146828E-001
 1.998619005102454E-001
 2.203991560316311E-001
 2.251549090787401E-001
 2.468426139174194E-001
 2.736337331682792E-001
 2.800281748381561E-001
 2.900818107688076E-001
 3.274969304060197E-001
 3.287113222328936E-001
 3.358900752726317E-001
 3.735191552956280E-001
 3.759486404986577E-001
 3.841067731481637E-001
 3.976820770497042E-001
 4.138991099012633E-001
 4.163005289953911E-001
 4.242160401142050E-001
 4.429741554097105E-001
 4.437603128221053E-001
 4.575806633069022E-001
 4.611871427128960E-001
 4.716218819430315E-001
 4.842288766505328E-001
-5.310381883254993E-001
-5.289072163666882E-001
-2.755718072552358E-001
-2.115883137255673E-001
-1.616731173926578E-001
-1.451919873223566E-001
-9.882077859342631E-002
-9.492870748840049E-002
-8.538921286498555E-002
 3.051994053462328E-002
 4.561137772428220E-002
 1.043439035962680E-001
 1.092141240637187E-001
 1.360568379391073E-001
 1.443183261970956E-001
 1.514460042990900E-001
 1.804551891986017E-001
 1.956826283160280E-001
 2.011829254365214E-001
 2.226110543282214E-001
 2.241696281653014E-001
 2.652832981210490E-001
 2.802009418429344E-001
 2.999133334873397E-001
 3.177722411110676E-001
 3.298975339817001E-001
 3.501993521219167E-001
 3.521189254365442E-001
 3.794948040440191E-001
 3.814310286960902E-001
 4.018482456510910E-001
 4.284086353790031E-001
 4.312155643022963E-001
 4.356195364356308E-001
 4.432434317506293E-001
 4.488310923965802E-001
 4.502450879214052E-001
 4.648741814846940E-001
 4.672215383868887E-001
 5.029252850513231E-001
-5.332417184835747E-001
-5.310010400620498E-001
-2.752753339636136E-001
-2.043368709471986E-001
-1.463118472605143E-001
-1.363924216207981E-001
-1.065162358129040E-001
-1.018646339191998E-001
-8.328684067416522E-002
 2.889930997245390E-002
 6.687272926931753E-002
 9.134639031610772E-002
 1.174486417786301E-001
 1.247582385536368E-001
 1.425627017129189E-001
 1.499305654468041E-001
 1.647216690830474E-001
 1.794317265501303E-001
 2.006958733407022E-001
 2.252260535805832E-001
 2.290351414679937E-001
 2.693841730688207E-001
 2.904903016041621E-001
 3.025547832935791E-001
 3.117270480449844E-001
 3.171336540520826E-001
 3.338176951464706E-001
 3.696663883758297E-001
 3.739573483160932E-001
 4.024562907347867E-001
 4.038749504790666E-001
 4.181914611172736E-001
 4.276375126153495E-001
 4.412785583375674E-001
 4.501402979517660E-001
 4.532611951742715E-001
 4.637435589206065E-001
 4.736080935314090E-001
 4.767450554355768E-001
 4.818535511612489E-001
-5.391782186265737E-001
-5.367055076881962E-001
-2.792489259311046E-001
-1.995583334167476E-001
-1.226466634556320E-001
-1.182516433427462E-001
-8.714585877079928E-002
-8.439523249030592E-002
-8.421255248141679E-002
 9.964009258313679E-003
 6.159736185110212E-002
 8.726710694974693E-002
 1.297631098866752E-001
 1.298085026103148E-001
 1.300831149659163E-001
 1.482575406975761E-001
 1.635632491500612E-001
 1.685204333990062E-001
 1.833582603169645E-001
 2.155535069184931E-001
 2.415341069485945E-001
 2.747588784120605E-001
 2.923432426008492E-001
 3.006185838276234E-001
 3.211308576791074E-001
 3.296974658130946E-001
 3.377870536211339E-001
 3.581867400620945E-001
 3.581919150389887E-001
 3.618178291702557E-001
 3.791672334478557E-001
 4.110032067010613E-001
 4.309046763423645E-001
 4.350485405290568E-001
 4.529757000699943E-001
 4.654820967436175E-001
 4.708637295653064E-001
 4.824753605535636E-001
 4.829836508841019E-001
 4.881376454979387E-001
